1 0.969432907698 0.00218141868487 0.00218141868487
2 0.973145158757 0.00386626957272 0.00386626957272
3 0.979263771362 0.00479887038028 0.00479887038028
4 0.976889210827 0.00163880401733 0.00163880401733
5 0.968630268912 0.00230994823179 0.00230994823179
6 0.977559820541 0.0030948475284 0.0030948475284
7 0.985131528509 0.00199775238132 0.00199775238132
8 0.983965826053 0.00429576532574 0.00429576532574
9 0.989420643321 0.00156848101731 0.00156848101731
10 0.990962172524 0.00578382992343 0.00578382992343
11 0.924415581298 0.00719877907201 0.00719877907201
12 0.900613686123 0.00883742478178 0.00883742478178
13 0.944646618266 0.00788250820167 0.00788250820167
14 0.949206308714 0.00575515466804 0.00575515466804
15 0.928448449434 0.00438359930157 0.00438359930157
16 0.932263077866 0.00672711060086 0.00672711060086
17 0.966073435266 0.00414555447419 0.00414555447419
18 0.95206802902 0.00747722738752 0.00747722738752
19 0.968901223366 0.00480970986537 0.00480970986537
20 0.950653869399 0.0179280643565 0.0179280643565
21 0.907367595812 0.0348423840037 0.0348423840037
22 0.871073319118 0.0221808644324 0.0221808644324
23 0.888424582686 0.0289488865086 0.0289488865086
24 0.972950074516 0.0152859786407 0.0152859786407
25 0.892513261282 0.0121273934993 0.0121273934993
26 0.888482999934 0.0143285469887 0.0143285469887
27 0.929254115212 0.0204423603766 0.0204423603766
28 0.871710694575 0.0261361660214 0.0261361660214
29 0.942829884842 0.0174641570143 0.0174641570143
30 0.851514476336 0.111041185977 0.111041185977
31 0.921928773995 0.0437748334598 0.0437748334598
32 0.762406001333 0.0956924073421 0.0956924073421
33 0.948291436198 0.0234842159236 0.0234842159236
34 0.86223639719 0.0313550667801 0.0313550667801
35 0.809934607131 0.142265777678 0.142265777678
36 0.772346396222 0.0596256809243 0.0596256809243
37 0.837954268482 0.103716712452 0.103716712452
38 0.897608048896 0.102391951104 0.11256365501
39 0.921928773995 0.0437748334598 0.0437748334598
40 0.762406001333 0.0956924073421 0.0956924073421
41 0.948291436198 0.0234842159236 0.0234842159236
42 0.86223639719 0.0313550667801 0.0313550667801
43 0.809934607131 0.142265777678 0.142265777678
44 0.772346396222 0.0596256809243 0.0596256809243
45 0.837954268482 0.103716712452 0.103716712452
46 0.897608048896 0.102391951104 0.11256365501
