#purity EB: purity EB error: purity EE: purity EE error:
0.935941864678  0.015425372193999976  0.9603043977869999  0.016012506070000043
0.935941864678  0.015425372193999976  0.9603043977869999  0.016012506070000043
0.935941864678  0.015425372193999976  0.9603043977869999  0.016012506070000043
0.9528332801676668 0.010485711729666725  0.948359821654   0.016055838115
0.9528332801676668 0.010485711729666725  0.948359821654   0.016055838115
0.9528332801676668 0.010485711729666725  0.948359821654   0.016055838115
0.9698275681449999 0.0064986703679998925  0.8919489522903333  0.032147232375666634
0.9698275681449999 0.0064986703679998925  0.8919489522903333  0.032147232375666634
0.9698275681449999 0.0064986703679998925  0.8919489522903333  0.032147232375666634
0.9698275681449999 0.0064986703679998925  0.8919489522903333  0.032147232375666634
0.935941864678  0.015425372193999976  0.9603043977869999  0.016012506070000043
0.935941864678  0.015425372193999976  0.9603043977869999  0.016012506070000043
0.935941864678  0.015425372193999976  0.9603043977869999  0.016012506070000043
0.9528332801676668 0.010485711729666725  0.948359821654   0.016055838115
0.9528332801676668 0.010485711729666725  0.948359821654   0.016055838115
0.9528332801676668 0.010485711729666725  0.948359821654   0.016055838115
0.9698275681449999 0.0064986703679998925  0.8919489522903333  0.032147232375666634
0.9698275681449999 0.0064986703679998925  0.8919489522903333  0.032147232375666634
0.9698275681449999 0.0064986703679998925  0.8919489522903333  0.032147232375666634
0.9698275681449999 0.0064986703679998925  0.8919489522903333  0.032147232375666634
0.935941864678  0.015425372193999976  0.9603043977869999  0.016012506070000043
0.935941864678  0.015425372193999976  0.9603043977869999  0.016012506070000043
0.935941864678  0.015425372193999976  0.9603043977869999  0.016012506070000043
0.9528332801676668 0.010485711729666725  0.948359821654   0.016055838115
0.9528332801676668 0.010485711729666725  0.948359821654   0.016055838115
0.9528332801676668 0.010485711729666725  0.948359821654   0.016055838115
0.9698275681449999 0.0064986703679998925  0.8919489522903333  0.032147232375666634
0.9698275681449999 0.0064986703679998925  0.8919489522903333  0.032147232375666634
0.9698275681449999 0.0064986703679998925  0.8919489522903333  0.032147232375666634
0.9698275681449999 0.0064986703679998925  0.8919489522903333  0.032147232375666634
0.935941864678  0.015425372193999976  0.9603043977869999  0.016012506070000043
0.935941864678  0.015425372193999976  0.9603043977869999  0.016012506070000043
0.9528332801676668 0.010485711729666725  0.948359821654   0.016055838115
0.9528332801676668 0.010485711729666725  0.948359821654   0.016055838115
0.9698275681449999 0.0064986703679998925  0.8919489522903333  0.032147232375666634
0.9698275681449999 0.0064986703679998925  0.8919489522903333  0.032147232375666634
0.9698275681449999 0.0064986703679998925  0.8919489522903333  0.032147232375666634
0.9698275681449999 0.0064986703679998925  0.8919489522903333  0.032147232375666634
0.935941864678  0.015425372193999976  0.9603043977869999  0.016012506070000043
0.935941864678  0.015425372193999976  0.9603043977869999  0.016012506070000043
0.9528332801676668 0.010485711729666725  0.948359821654   0.016055838115
0.9528332801676668 0.010485711729666725  0.948359821654   0.016055838115
0.9698275681449999 0.0064986703679998925  0.8919489522903333  0.032147232375666634
0.9698275681449999 0.0064986703679998925  0.8919489522903333  0.032147232375666634
0.9698275681449999 0.0064986703679998925  0.8919489522903333  0.032147232375666634
0.9698275681449999 0.0064986703679998925  0.8919489522903333  0.032147232375666634
