 binIndex : nMCGJ( nMCerr)|nMCEBt |nMCECt |Nobs |nEB| pEB(pEBerr) |nEC| pEC(pECerr) | trigW(trigWsysErr,trigWerr) | SF(SFerr) |ZgR(REr1) |f(fsysErr,+ferrUp-ferrDn) |purity(pErr)| DR(+DRup-DRlow)| Yield(+YstatUp-YstatLow,+YsysUp-YsysLow)
 1 : 46205.333( 0.068)|37090.762 |9114.672 |70279.0 |55479.0| 0.939(0.016) |14800.0| 0.964(0.015) | 1.0(0.02,0.006) | 0.974(0.067) |0.546(0.01) |0.969(0.3,+0.002-0.002) |0.945(0.015)| 1.0(+0.0-0.0)| 36088.245(+0.007-0.007,+0.309-0.309)
 2 : 3209.684( 0.082)|2608.793 |600.892 |3829.0 |3064.0| 0.939(0.016) |765.0| 0.964(0.015) | 1.0(0.02,0.006) | 0.974(0.067) |0.491(0.047) |0.973(0.3,+0.004-0.004) |0.944(0.015)| 1.0(+0.0-0.0)| 1773.25(+0.035-0.035,+0.312-0.312)
 3 : 179.734( 0.22)|149.149 |30.585 |243.0 |204.0| 0.939(0.016) |39.0| 0.964(0.015) | 1.0(0.02,0.005) | 0.974(0.067) |0.673(0.205) |0.979(0.3,+0.005-0.005) |0.943(0.015)| 1.0(+0.0-0.0)| 155.256(+0.1-0.1,+0.37-0.37)
 4 : 42632.498( 0.067)|35308.263 |7324.306 |60534.0 |49270.0| 0.953(0.012) |11264.0| 0.947(0.024) | 1.0(0.02,0.006) | 0.974(0.067) |0.563(0.009) |0.977(0.3,+0.002-0.002) |0.952(0.014)| 1.0(+0.0-0.0)| 32575.726(+0.008-0.008,+0.309-0.309)
 5 : 8939.8( 0.073)|7426.259 |1513.544 |11132.0 |9318.0| 0.953(0.012) |1814.0| 0.947(0.024) | 1.0(0.02,0.006) | 0.974(0.067) |0.558(0.029) |0.969(0.3,+0.002-0.002) |0.952(0.014)| 1.0(+0.0-0.0)| 5879.318(+0.018-0.018,+0.31-0.31)
 6 : 560.578( 0.141)|502.307 |58.271 |533.0 |471.0| 0.953(0.012) |62.0| 0.947(0.024) | 1.0(0.02,0.005) | 0.974(0.067) |0.483(0.121) |0.978(0.3,+0.003-0.003) |0.952(0.013)| 1.0(+0.0-0.0)| 246.132(+0.094-0.094,+0.331-0.331)
 7 : 4432.087( 0.08)|4124.794 |307.292 |4623.0 |4182.0| 0.974(0.006) |441.0| 0.885(0.056) | 1.0(0.02,0.005) | 0.974(0.067) |0.546(0.044) |0.985(0.3,+0.002-0.002) |0.966(0.01)| 1.0(+0.0-0.0)| 2468.782(+0.028-0.028,+0.311-0.311)
 8 : 170.243( 0.251)|144.414 |25.829 |192.0 |186.0| 0.974(0.006) |6.0| 0.885(0.056) | 1.0(0.02,0.005) | 0.974(0.067) |0.556(0.236) |0.984(0.3,+0.004-0.004) |0.971(0.007)| 1.0(+0.0-0.0)| 104.842(+0.132-0.132,+0.388-0.388)
 9 : 785.59( 0.131)|747.267 |38.323 |678.0 |657.0| 0.974(0.006) |21.0| 0.885(0.056) | 1.0(0.02,0.005) | 0.974(0.067) |0.619(0.11) |0.989(0.3,+0.002-0.002) |0.972(0.007)| 1.0(+0.0-0.0)| 414.673(+0.063-0.063,+0.327-0.327)
 10 : 36.983( 0.518)|36.983 |0.0 |43.0 |43.0| 0.974(0.006) |0.0| 0.885(0.056) | 1.0(0.02,0.005) | 0.974(0.067) |0.577(0.502) |0.991(0.3,+0.006-0.006) |0.974(0.006)| 1.0(+0.0-0.0)| 24.587(+0.275-0.275,+0.589-0.589)
 11 : 7481.849( 0.071)|5867.22 |1614.628 |11656.0 |9140.0| 0.939(0.016) |2516.0| 0.964(0.015) | 1.0(0.02,0.006) | 0.974(0.067) |0.565(0.023) |0.924(0.3,+0.008-0.008) |0.945(0.015)| 1.0(+0.0-0.0)| 5911.116(+0.018-0.018,+0.309-0.309)
 12 : 2644.063( 0.085)|2008.24 |635.822 |3364.0 |2642.0| 0.939(0.016) |722.0| 0.964(0.015) | 1.0(0.02,0.006) | 0.974(0.067) |0.454(0.051) |0.901(0.3,+0.01-0.01) |0.945(0.015)| 1.0(+0.0-0.0)| 1335.873(+0.043-0.043,+0.313-0.313)
 13 : 221.415( 0.204)|143.709 |77.706 |260.0 |212.0| 0.939(0.016) |48.0| 0.964(0.015) | 1.0(0.02,0.006) | 0.974(0.067) |0.487(0.188) |0.945(0.3,+0.008-0.008) |0.944(0.015)| 1.0(+0.0-0.0)| 115.956(+0.139-0.139,+0.362-0.362)
 14 : 6498.844( 0.071)|5302.244 |1196.605 |9557.0 |7747.0| 0.953(0.012) |1810.0| 0.947(0.024) | 1.0(0.02,0.006) | 0.974(0.067) |0.556(0.023) |0.949(0.3,+0.006-0.006) |0.952(0.014)| 1.0(+0.0-0.0)| 4932.137(+0.02-0.02,+0.309-0.309)
 15 : 6232.125( 0.075)|5073.193 |1158.93 |7743.0 |6362.0| 0.953(0.012) |1381.0| 0.947(0.024) | 1.0(0.02,0.006) | 0.974(0.067) |0.488(0.034) |0.928(0.3,+0.005-0.005) |0.952(0.014)| 1.0(+0.0-0.0)| 3427.275(+0.026-0.026,+0.31-0.31)
 16 : 528.507( 0.141)|426.041 |102.466 |526.0 |445.0| 0.953(0.012) |81.0| 0.947(0.024) | 1.0(0.02,0.005) | 0.974(0.067) |0.479(0.122) |0.932(0.3,+0.007-0.007) |0.952(0.014)| 1.0(+0.0-0.0)| 229.891(+0.1-0.1,+0.332-0.332)
 17 : 1382.27( 0.104)|1213.524 |168.747 |1336.0 |1191.0| 0.974(0.006) |145.0| 0.885(0.056) | 1.0(0.02,0.005) | 0.974(0.067) |0.465(0.078) |0.966(0.3,+0.004-0.004) |0.965(0.011)| 1.0(+0.0-0.0)| 594.842(+0.061-0.061,+0.318-0.318)
 18 : 162.465( 0.243)|152.777 |9.688 |182.0 |166.0| 0.974(0.006) |16.0| 0.885(0.056) | 1.0(0.02,0.005) | 0.974(0.067) |0.541(0.228) |0.952(0.3,+0.008-0.008) |0.966(0.01)| 1.0(+0.0-0.0)| 93.115(+0.145-0.145,+0.384-0.384)
 19 : 198.832( 0.23)|189.517 |9.315 |261.0 |248.0| 0.974(0.006) |13.0| 0.885(0.056) | 1.0(0.02,0.005) | 0.974(0.067) |0.743(0.215) |0.969(0.3,+0.005-0.005) |0.97(0.008)| 1.0(+0.0-0.0)| 187.105(+0.086-0.086,+0.376-0.376)
 20 : 36.983( 0.518)|36.983 |0.0 |28.0 |27.0| 0.974(0.006) |1.0| 0.885(0.056) | 1.0(0.02,0.005) | 0.974(0.067) |0.472(0.503) |0.951(0.3,+0.019-0.019) |0.971(0.008)| 1.0(+0.0-0.0)| 12.535(+0.422-0.422,+0.59-0.59)
 21 : 373.227( 0.121)|306.745 |66.482 |689.0 |541.0| 0.939(0.016) |148.0| 0.964(0.015) | 1.0(0.02,0.006) | 0.974(0.067) |0.64(0.1) |0.907(0.3,+0.038-0.038) |0.945(0.015)| 1.0(+0.0-0.0)| 388.128(+0.068-0.068,+0.327-0.327)
 22 : 484.533( 0.137)|355.744 |128.79 |754.0 |575.0| 0.939(0.016) |179.0| 0.964(0.015) | 1.0(0.02,0.006) | 0.974(0.067) |0.487(0.117) |0.871(0.3,+0.025-0.025) |0.945(0.015)| 1.0(+0.0-0.0)| 310.645(+0.088-0.088,+0.331-0.331)
 23 : 56.221( 0.377)|29.607 |26.613 |92.0 |76.0| 0.939(0.016) |16.0| 0.964(0.015) | 1.0(0.02,0.006) | 0.974(0.067) |0.611(0.363) |0.888(0.3,+0.033-0.033) |0.944(0.015)| 1.0(+0.0-0.0)| 48.407(+0.198-0.198,+0.477-0.477)
 24 : 301.707( 0.127)|230.091 |71.616 |461.0 |358.0| 0.953(0.012) |103.0| 0.947(0.024) | 1.0(0.02,0.006) | 0.974(0.067) |0.582(0.108) |0.973(0.3,+0.016-0.016) |0.952(0.014)| 1.0(+0.0-0.0)| 255.133(+0.084-0.084,+0.327-0.327)
 25 : 1029.915( 0.107)|811.084 |218.83 |1436.0 |1161.0| 0.953(0.012) |275.0| 0.947(0.024) | 1.0(0.02,0.006) | 0.974(0.067) |0.455(0.082) |0.893(0.3,+0.014-0.014) |0.952(0.014)| 1.0(+0.0-0.0)| 569.968(+0.066-0.066,+0.319-0.319)
 26 : 149.373( 0.245)|109.01 |40.362 |194.0 |161.0| 0.953(0.012) |33.0| 0.947(0.024) | 1.0(0.02,0.006) | 0.974(0.067) |0.535(0.231) |0.888(0.3,+0.016-0.016) |0.952(0.014)| 1.0(+0.0-0.0)| 90.145(+0.155-0.155,+0.385-0.385)
 27 : 129.298( 0.289)|102.625 |26.672 |157.0 |136.0| 0.974(0.006) |21.0| 0.885(0.056) | 1.0(0.02,0.005) | 0.974(0.067) |0.485(0.275) |0.929(0.3,+0.022-0.022) |0.962(0.012)| 1.0(+0.0-0.0)| 69.95(+0.179-0.179,+0.414-0.414)
 28 : 34.003( 0.518)|34.003 |0.0 |73.0 |67.0| 0.974(0.006) |6.0| 0.885(0.056) | 1.0(0.02,0.005) | 0.974(0.067) |0.756(0.502) |0.872(0.3,+0.03-0.03) |0.967(0.01)| 1.0(+0.0-0.0)| 47.804(+0.179-0.179,+0.59-0.59)
 29 : 22.974( 0.601)|22.974 |0.0 |33.0 |32.0| 0.974(0.006) |1.0| 0.885(0.056) | 1.0(0.02,0.005) | 0.974(0.067) |0.7(0.583) |0.943(0.3,+0.019-0.019) |0.972(0.007)| 1.0(+0.0-0.0)| 21.74(+0.264-0.264,+0.66-0.66)
 30 : 9.246( 1.78)|9.246 |0.0 |15.0 |15.0| 0.974(0.006) |0.0| 0.885(0.056) | 1.0(0.02,0.005) | 0.974(0.067) |0.507(1.735) |0.852(0.3,+0.13-0.13) |0.974(0.006)| 1.0(+0.0-0.0)| 6.477(+0.651-0.651,+1.767-1.767)
 31 : 43.888( 0.385)|24.46 |19.428 |62.0 |43.0| 0.939(0.016) |19.0| 0.964(0.015) | 1.0(0.02,0.006) | 0.974(0.067) |0.64(0.132) |0.922(0.3,+0.047-0.047) |0.947(0.015)| 1.0(+0.0-0.0)| 35.573(+0.221-0.221,+0.339-0.339)
 32 : 6.744( 1.029)|6.744 |0.0 |21.0 |13.0| 0.939(0.016) |8.0| 0.964(0.015) | 1.0(0.02,0.006) | 0.974(0.067) |0.487(0.093) |0.762(0.3,+0.126-0.126) |0.949(0.015)| 1.0(+0.0-0.0)| 7.601(+0.603-0.603,+0.346-0.346)
 33 : 90.217( 0.27)|60.241 |29.976 |112.0 |82.0| 0.953(0.012) |30.0| 0.947(0.024) | 1.0(0.02,0.006) | 0.974(0.067) |0.611(0.381) |0.948(0.3,+0.025-0.025) |0.951(0.015)| 1.0(+0.0-0.0)| 63.404(+0.167-0.167,+0.491-0.491)
 34 : 15.821( 0.729)|15.821 |0.0 |40.0 |31.0| 0.953(0.012) |9.0| 0.947(0.024) | 1.0(0.02,0.006) | 0.974(0.067) |0.582(0.138) |0.862(0.3,+0.036-0.036) |0.952(0.014)| 1.0(+0.0-0.0)| 19.618(+0.322-0.322,+0.34-0.34)
 35 : 0.0( 1.671)|0.0 |0.0 |14.0 |12.0| 0.974(0.006) |2.0| 0.885(0.056) | 1.0(0.02,0.006) | 0.974(0.067) |0.455(0.07) |0.81(0.3,+0.176-0.176) |0.961(0.013)| 1.0(+0.0-0.0)| 5.094(+0.735-0.735,+0.362-0.362)
 36 : 0.0( 1.671)|0.0 |0.0 |11.0 |10.0| 0.974(0.006) |1.0| 0.885(0.056) | 1.0(0.02,0.006) | 0.974(0.067) |0.535(0.254) |0.772(0.3,+0.077-0.077) |0.966(0.01)| 1.0(+0.0-0.0)| 4.51(+0.735-0.735,+0.407-0.407)
 37 : 0.0( 1.671)|0.0 |0.0 |5.0 |5.0| 0.974(0.006) |0.0| 0.885(0.056) | 1.0(0.02,0.005) | 0.974(0.067) |0.485(0.176) |0.838(0.3,+0.124-0.124) |0.974(0.006)| 1.0(+0.0-0.0)| 2.034(+1.372-1.372,+0.376-0.376)
 38 : 0.0( 1.671)|0.0 |0.0 |1.0 |1.0| 0.974(0.006) |0.0| 0.885(0.056) | 1.0(0.02,0.005) | 0.974(0.067) |0.756(0.542) |0.898(0.3,+0.114-0.125) |0.974(0.006)| 1.0(+0.0-0.0)| 0.679(+2.865-2.865,+0.634-0.636)
 39 : 1.899( 1.029)|1.899 |0.0 |7.0 |4.0| 0.939(0.016) |3.0| 0.964(0.015) | 1.0(0.02,0.006) | 0.974(0.067) |0.64(0.132) |0.922(0.3,+0.047-0.047) |0.95(0.015)| 1.0(+0.0-0.0)| 4.029(+0.657-0.657,+0.339-0.339)
 40 : 0.0( 1.671)|0.0 |0.0 |4.0 |3.0| 0.939(0.016) |1.0| 0.964(0.015) | 1.0(0.02,0.006) | 0.974(0.067) |0.487(0.093) |0.762(0.3,+0.126-0.126) |0.946(0.015)| 1.0(+0.0-0.0)| 1.443(+1.386-1.386,+0.346-0.346)
 41 : 5.209( 0.73)|5.209 |0.0 |4.0 |4.0| 0.953(0.012) |0.0| 0.947(0.024) | 1.0(0.02,0.006) | 0.974(0.067) |0.611(0.381) |0.948(0.3,+0.025-0.025) |0.953(0.012)| 1.0(+0.0-0.0)| 2.268(+1.149-1.149,+0.491-0.491)
 42 : 7.736( 1.029)|7.736 |0.0 |7.0 |4.0| 0.953(0.012) |3.0| 0.947(0.024) | 1.0(0.02,0.006) | 0.974(0.067) |0.582(0.138) |0.862(0.3,+0.036-0.036) |0.95(0.017)| 1.0(+0.0-0.0)| 3.429(+0.772-0.772,+0.34-0.34)
 43 : 0.0( 1.671)|0.0 |0.0 |0.0 |0.0| 0.974(0.006) |0.0| 0.885(0.056) | 1.0(0.02,0.006) | 0.974(0.067) |0.455(0.07) |0.81(0.3,+0.176-0.176) |1.0(0.0)| 1.0(+0.0-0.0)| 0.0(+1.074-1.074,+0.361-0.361)
 44 : 0.0( 1.671)|0.0 |0.0 |1.0 |0.0| 0.974(0.006) |1.0| 0.885(0.056) | 1.0(0.02,0.006) | 0.974(0.067) |0.535(0.254) |0.772(0.3,+0.077-0.077) |0.885(0.056)| 1.0(+0.0-0.0)| 0.375(+5.185-5.185,+0.411-0.411)
 45 : 0.0( 1.671)|0.0 |0.0 |0.0 |0.0| 0.974(0.006) |0.0| 0.885(0.056) | 1.0(0.02,0.005) | 0.974(0.067) |0.485(0.176) |0.838(0.3,+0.124-0.124) |1.0(0.0)| 1.0(+0.0-0.0)| 0.0(+1.146-1.146,+0.376-0.376)
 46 : 0.0( 1.671)|0.0 |0.0 |1.0 |1.0| 0.974(0.006) |0.0| 0.885(0.056) | 1.0(0.02,0.005) | 0.974(0.067) |0.756(0.542) |0.898(0.3,+0.114-0.125) |0.974(0.006)| 1.0(+0.0-0.0)| 0.679(+2.865-2.865,+0.634-0.636)

binIndex
[1, 2, 3, 4, 5, 6, 7, 8, 9, 10, 11, 12, 13, 14, 15, 16, 17, 18, 19, 20, 21, 22, 23, 24, 25, 26, 27, 28, 29, 30, 31, 32, 33, 34, 35, 36, 37, 38, 39, 40, 41, 42, 43, 44, 45, 46]
------------------------------------------------------
nMCGJ
[46205.33339558784, 3209.6840534566495, 179.7336464569388, 42632.49767277993, 8939.79960419289, 560.5779403101418, 4432.086546287025, 170.24306151273873, 785.590093005291, 36.98307009080379, 7481.849434153868, 2644.0634029130574, 221.4150489070604, 6498.843587472373, 6232.125298886918, 528.5070020007888, 1382.2700618723231, 162.46521902280884, 198.83214049583432, 36.98307009080379, 373.2271370224159, 484.53332214029683, 56.220602458086255, 301.70679241188964, 1029.9145911536853, 149.37262816724026, 129.29760146117957, 34.002816815417475, 22.97355007381128, 9.245767522700948, 43.88751761639075, 6.743512118118033, 90.21721363107912, 15.820726445185207, 0.0, 0.0, 0.0, 0.0, 1.8993238349571049, 0.0, 5.20894141955331, 7.736319741728748, 0.0, 0.0, 0.0, 0.0]
------------------------------------------------------
nMCerr
[0.06752666521493018, 0.08239448967881524, 0.22024346522996788, 0.06744696629505872, 0.07295199734326682, 0.1406727910646202, 0.08039100737723608, 0.25053926333787796, 0.13059542845560426, 0.5179183741828846, 0.07056816550878706, 0.08463972595218414, 0.2037839089312716, 0.07083024238964945, 0.07540268679854176, 0.1411860016938171, 0.10418123538411765, 0.2426570335961504, 0.22987156598905045, 0.5179183741828846, 0.12087405994692825, 0.13655766883954137, 0.3770701095730567, 0.12716616632658345, 0.10748127030154289, 0.24508930227785516, 0.28925256736027777, 0.5180322378691713, 0.6006966545237568, 1.780394370256887, 0.38487665535320714, 1.0293567223119668, 0.26998569182291526, 0.7294727826622178, 1.6713350459533973, 1.6713350459533973, 1.6713350459533973, 1.6713350459533973, 1.0293567223119668, 1.6713350459533973, 0.7298624450454354, 1.0293567223119668, 1.6713350459533973, 1.6713350459533973, 1.6713350459533973, 1.6713350459533973]
------------------------------------------------------
nMCEBt
[37090.76198499227, 2608.792596205385, 149.14869026286968, 35308.26297006766, 7426.258761964689, 502.30708420997433, 4124.793650703584, 144.4139819205782, 747.2673728928337, 36.98307009080379, 5867.2195606966425, 2008.2398311079944, 143.70880405932598, 5302.244445514399, 5073.193478013817, 426.0407118088561, 1213.5235294673794, 152.77742017357238, 189.51673961174987, 36.98307009080379, 306.74537297784974, 355.7438480394424, 29.607469098356297, 230.0905890088656, 811.0843427225253, 109.01021626013178, 102.62549778663201, 34.002816815417475, 22.97355007381128, 9.245767522700948, 24.459998262179745, 6.743512118118033, 60.24140196046587, 15.820726445185207, 0.0, 0.0, 0.0, 0.0, 1.8993238349571049, 0.0, 5.20894141955331, 7.736319741728748, 0.0, 0.0, 0.0, 0.0]
------------------------------------------------------
nMCECt
[9114.672186366271, 600.8916355102929, 30.58494505287985, 7324.306481681017, 1513.5444074087663, 58.27088209627579, 307.29179631943305, 25.829061023511752, 38.322757249754844, 0.0, 1614.6283285456461, 635.8224428312167, 77.70627455757247, 1196.6048462468814, 1158.9296817647607, 102.46626048209465, 168.7465026951058, 9.6878137041555, 9.315406454679083, 0.0, 66.48177889948516, 128.7895483754496, 26.613133359729954, 71.61618112064546, 218.8303969803503, 40.362400765919226, 26.67209996081779, 0.0, 0.0, 0.0, 19.427519354211007, 0.0, 29.975819098072765, 0.0, 0.0, 0.0, 0.0, 0.0, 0.0, 0.0, 0.0, 0.0, 0.0, 0.0, 0.0, 0.0]
------------------------------------------------------
Nobs
[70279.0, 3829.0, 243.0, 60534.0, 11132.0, 533.0, 4623.0, 192.0, 678.0, 43.0, 11656.0, 3364.0, 260.0, 9557.0, 7743.0, 526.0, 1336.0, 182.0, 261.0, 28.0, 689.0, 754.0, 92.0, 461.0, 1436.0, 194.0, 157.0, 73.0, 33.0, 15.0, 62.0, 21.0, 112.0, 40.0, 14.0, 11.0, 5.0, 1.0, 7.0, 4.0, 4.0, 7.0, 0.0, 1.0, 0.0, 1.0]
------------------------------------------------------
nEB
[55479.0, 3064.0, 204.0, 49270.0, 9318.0, 471.0, 4182.0, 186.0, 657.0, 43.0, 9140.0, 2642.0, 212.0, 7747.0, 6362.0, 445.0, 1191.0, 166.0, 248.0, 27.0, 541.0, 575.0, 76.0, 358.0, 1161.0, 161.0, 136.0, 67.0, 32.0, 15.0, 43.0, 13.0, 82.0, 31.0, 12.0, 10.0, 5.0, 1.0, 4.0, 3.0, 4.0, 4.0, 0.0, 0.0, 0.0, 1.0]
------------------------------------------------------
pEB
[0.9394312251323332, 0.9394312251323332, 0.9394312251323332, 0.9529458327956667, 0.9529458327956667, 0.9529458327956667, 0.9742914092513333, 0.9742914092513333, 0.9742914092513333, 0.9742914092513333, 0.9394312251323332, 0.9394312251323332, 0.9394312251323332, 0.9529458327956667, 0.9529458327956667, 0.9529458327956667, 0.9742914092513333, 0.9742914092513333, 0.9742914092513333, 0.9742914092513333, 0.9394312251323332, 0.9394312251323332, 0.9394312251323332, 0.9529458327956667, 0.9529458327956667, 0.9529458327956667, 0.9742914092513333, 0.9742914092513333, 0.9742914092513333, 0.9742914092513333, 0.9394312251323332, 0.9394312251323332, 0.9529458327956667, 0.9529458327956667, 0.9742914092513333, 0.9742914092513333, 0.9742914092513333, 0.9742914092513333, 0.9394312251323332, 0.9394312251323332, 0.9529458327956667, 0.9529458327956667, 0.9742914092513333, 0.9742914092513333, 0.9742914092513333, 0.9742914092513333]
------------------------------------------------------
pEBerr
[0.015525813581807048, 0.015525813581807048, 0.015525813581807048, 0.011582672615593903, 0.011582672615593903, 0.011582672615593903, 0.006018627194751928, 0.006018627194751928, 0.006018627194751928, 0.006018627194751928, 0.015525813581807048, 0.015525813581807048, 0.015525813581807048, 0.011582672615593903, 0.011582672615593903, 0.011582672615593903, 0.006018627194751928, 0.006018627194751928, 0.006018627194751928, 0.006018627194751928, 0.015525813581807048, 0.015525813581807048, 0.015525813581807048, 0.011582672615593903, 0.011582672615593903, 0.011582672615593903, 0.006018627194751928, 0.006018627194751928, 0.006018627194751928, 0.006018627194751928, 0.015525813581807048, 0.015525813581807048, 0.011582672615593903, 0.011582672615593903, 0.006018627194751928, 0.006018627194751928, 0.006018627194751928, 0.006018627194751928, 0.015525813581807048, 0.015525813581807048, 0.011582672615593903, 0.011582672615593903, 0.006018627194751928, 0.006018627194751928, 0.006018627194751928, 0.006018627194751928]
------------------------------------------------------
nEC
[14800.0, 765.0, 39.0, 11264.0, 1814.0, 62.0, 441.0, 6.0, 21.0, 0.0, 2516.0, 722.0, 48.0, 1810.0, 1381.0, 81.0, 145.0, 16.0, 13.0, 1.0, 148.0, 179.0, 16.0, 103.0, 275.0, 33.0, 21.0, 6.0, 1.0, 0.0, 19.0, 8.0, 30.0, 9.0, 2.0, 1.0, 0.0, 0.0, 3.0, 1.0, 0.0, 3.0, 0.0, 1.0, 0.0, 0.0]
------------------------------------------------------
pEC
[0.9644865701173333, 0.9644865701173333, 0.9644865701173333, 0.9468864281673334, 0.9468864281673334, 0.9468864281673334, 0.8846943180493333, 0.8846943180493333, 0.8846943180493333, 0.8846943180493333, 0.9644865701173333, 0.9644865701173333, 0.9644865701173333, 0.9468864281673334, 0.9468864281673334, 0.9468864281673334, 0.8846943180493333, 0.8846943180493333, 0.8846943180493333, 0.8846943180493333, 0.9644865701173333, 0.9644865701173333, 0.9644865701173333, 0.9468864281673334, 0.9468864281673334, 0.9468864281673334, 0.8846943180493333, 0.8846943180493333, 0.8846943180493333, 0.8846943180493333, 0.9644865701173333, 0.9644865701173333, 0.9468864281673334, 0.9468864281673334, 0.8846943180493333, 0.8846943180493333, 0.8846943180493333, 0.8846943180493333, 0.9644865701173333, 0.9644865701173333, 0.9468864281673334, 0.9468864281673334, 0.8846943180493333, 0.8846943180493333, 0.8846943180493333, 0.8846943180493333]
------------------------------------------------------
pECerr
[0.014999650318517965, 0.014999650318517965, 0.014999650318517965, 0.024477622567885625, 0.024477622567885625, 0.024477622567885625, 0.05595521178827425, 0.05595521178827425, 0.05595521178827425, 0.05595521178827425, 0.014999650318517965, 0.014999650318517965, 0.014999650318517965, 0.024477622567885625, 0.024477622567885625, 0.024477622567885625, 0.05595521178827425, 0.05595521178827425, 0.05595521178827425, 0.05595521178827425, 0.014999650318517965, 0.014999650318517965, 0.014999650318517965, 0.024477622567885625, 0.024477622567885625, 0.024477622567885625, 0.05595521178827425, 0.05595521178827425, 0.05595521178827425, 0.05595521178827425, 0.014999650318517965, 0.014999650318517965, 0.024477622567885625, 0.024477622567885625, 0.05595521178827425, 0.05595521178827425, 0.05595521178827425, 0.05595521178827425, 0.014999650318517965, 0.014999650318517965, 0.024477622567885625, 0.024477622567885625, 0.05595521178827425, 0.05595521178827425, 0.05595521178827425, 0.05595521178827425]
------------------------------------------------------
trigW
[1.0, 1.0, 1.0, 1.0, 1.0, 1.0, 1.0, 1.0, 1.0, 1.0, 1.0, 1.0, 1.0, 1.0, 1.0, 1.0, 1.0, 1.0, 1.0, 1.0, 1.0, 1.0, 1.0, 1.0, 1.0, 1.0, 1.0, 1.0, 1.0, 1.0, 1.0, 1.0, 1.0, 1.0, 1.0, 1.0, 1.0, 1.0, 1.0, 1.0, 1.0, 1.0, 1.0, 1.0, 1.0, 1.0]
------------------------------------------------------
trigWsysErr
[0.02, 0.02, 0.02, 0.02, 0.02, 0.02, 0.02, 0.02, 0.02, 0.02, 0.02, 0.02, 0.02, 0.02, 0.02, 0.02, 0.02, 0.02, 0.02, 0.02, 0.02, 0.02, 0.02, 0.02, 0.02, 0.02, 0.02, 0.02, 0.02, 0.02, 0.02, 0.02, 0.02, 0.02, 0.02, 0.02, 0.02, 0.02, 0.02, 0.02, 0.02, 0.02, 0.02, 0.02, 0.02, 0.02]
------------------------------------------------------
trigWerr
[0.005732657355397771, 0.005682338386001567, 0.005499214814814815, 0.005618432522549311, 0.0055106774775422205, 0.0052933791369606, 0.005195845710577547, 0.0048969437499999996, 0.004895655044247787, 0.00475132, 0.005757193315030885, 0.005751465992865636, 0.005611620307692308, 0.0056338697122528, 0.00558244550174351, 0.005468918403041825, 0.005257079131736527, 0.005160986813186813, 0.0049834252873563216, 0.004917747142857143, 0.005752298345428156, 0.005857596976127322, 0.0055617478260869555, 0.005792482429501084, 0.0056437218105849585, 0.005543993608247423, 0.0053746267515923565, 0.005134330410958904, 0.004892530909090908, 0.00475132, 0.005752298345428156, 0.005857596976127322, 0.0055617478260869555, 0.005792482429501084, 0.0056437218105849585, 0.005543993608247423, 0.0053746267515923565, 0.005134330410958904, 0.005752298345428156, 0.005857596976127322, 0.0055617478260869555, 0.005792482429501084, 0.0056437218105849585, 0.005543993608247423, 0.0053746267515923565, 0.005134330410958904]
------------------------------------------------------
SF
[0.9735319735212031, 0.9735319735212031, 0.9735319735212031, 0.9735319735212031, 0.9735319735212031, 0.9735319735212031, 0.9735319735212031, 0.9735319735212031, 0.9735319735212031, 0.9735319735212031, 0.9735319735212031, 0.9735319735212031, 0.9735319735212031, 0.9735319735212031, 0.9735319735212031, 0.9735319735212031, 0.9735319735212031, 0.9735319735212031, 0.9735319735212031, 0.9735319735212031, 0.9735319735212031, 0.9735319735212031, 0.9735319735212031, 0.9735319735212031, 0.9735319735212031, 0.9735319735212031, 0.9735319735212031, 0.9735319735212031, 0.9735319735212031, 0.9735319735212031, 0.9735319735212031, 0.9735319735212031, 0.9735319735212031, 0.9735319735212031, 0.9735319735212031, 0.9735319735212031, 0.9735319735212031, 0.9735319735212031, 0.9735319735212031, 0.9735319735212031, 0.9735319735212031, 0.9735319735212031, 0.9735319735212031, 0.9735319735212031, 0.9735319735212031, 0.9735319735212031]
------------------------------------------------------
SFerr
[0.06678948893384838, 0.06678948893384838, 0.06678948893384838, 0.06678948893384838, 0.06678948893384838, 0.06678948893384838, 0.06678948893384838, 0.06678948893384838, 0.06678948893384838, 0.06678948893384838, 0.06678948893384838, 0.06678948893384838, 0.06678948893384838, 0.06678948893384838, 0.06678948893384838, 0.06678948893384838, 0.06678948893384838, 0.06678948893384838, 0.06678948893384838, 0.06678948893384838, 0.06678948893384838, 0.06678948893384838, 0.06678948893384838, 0.06678948893384838, 0.06678948893384838, 0.06678948893384838, 0.06678948893384838, 0.06678948893384838, 0.06678948893384838, 0.06678948893384838, 0.06678948893384838, 0.06678948893384838, 0.06678948893384838, 0.06678948893384838, 0.06678948893384838, 0.06678948893384838, 0.06678948893384838, 0.06678948893384838, 0.06678948893384838, 0.06678948893384838, 0.06678948893384838, 0.06678948893384838, 0.06678948893384838, 0.06678948893384838, 0.06678948893384838, 0.06678948893384838]
------------------------------------------------------
ZgR
[0.5458524227142334, 0.4905511438846588, 0.6732420921325684, 0.563437283039093, 0.5576066970825195, 0.48294758796691895, 0.5464528203010559, 0.5561147332191467, 0.6194348335266113, 0.5765588879585266, 0.5652555823326111, 0.4543359577655792, 0.48685914278030396, 0.5561068654060364, 0.4875921905040741, 0.4794086217880249, 0.46516042947769165, 0.5413371324539185, 0.7427140474319458, 0.47209426760673523, 0.6397005319595337, 0.48706018924713135, 0.6109122633934021, 0.5819360017776489, 0.45487532019615173, 0.5348606109619141, 0.4850568473339081, 0.7563580870628357, 0.7001292109489441, 0.506687343120575, 0.6397005319595337, 0.48706018924713135, 0.6109122633934021, 0.5819360017776489, 0.45487532019615173, 0.5348606109619141, 0.4850568473339081, 0.7563580870628357, 0.6397005319595337, 0.48706018924713135, 0.6109122633934021, 0.5819360017776489, 0.45487532019615173, 0.5348606109619141, 0.4850568473339081, 0.7563580870628357]
------------------------------------------------------
REr1
[0.009944940109174122, 0.047156660849215, 0.2051851208833119, 0.009319221797731668, 0.028666194965863968, 0.1211842702418213, 0.04368425412967061, 0.23604493369983814, 0.10956669586146912, 0.5022139117654368, 0.02271216663391652, 0.05085420489113323, 0.18847029200461438, 0.02337111514973105, 0.03421102902322662, 0.12178182029183318, 0.07811887172969187, 0.22816518827044877, 0.21472890887738458, 0.5027035567594557, 0.10040397709656146, 0.11658032270113074, 0.36292081720076796, 0.10761494760197661, 0.08240417578637936, 0.23067782846090523, 0.2748044836078891, 0.50170004513212, 0.583166287016836, 1.7349308936064551, 0.13186969285829694, 0.0929456444725834, 0.3809916849815699, 0.13767511570423352, 0.0700811109999618, 0.25436293693022244, 0.1762337161881784, 0.541992650044051, 0.13186969285829694, 0.0929456444725834, 0.3809916849815699, 0.13767511570423352, 0.0700811109999618, 0.25436293693022244, 0.1762337161881784, 0.541992650044051]
------------------------------------------------------
f
[0.969432907698, 0.973145158757, 0.979263771362, 0.976889210827, 0.968630268912, 0.977559820541, 0.985131528509, 0.983965826053, 0.989420643321, 0.990962172524, 0.924415581298, 0.900613686123, 0.944646618266, 0.949206308714, 0.928448449434, 0.932263077866, 0.966073435266, 0.95206802902, 0.968901223366, 0.950653869399, 0.907367595812, 0.871073319118, 0.888424582686, 0.972950074516, 0.892513261282, 0.888482999934, 0.929254115212, 0.871710694575, 0.942829884842, 0.851514476336, 0.921928773995, 0.762406001333, 0.948291436198, 0.86223639719, 0.809934607131, 0.772346396222, 0.837954268482, 0.897608048896, 0.921928773995, 0.762406001333, 0.948291436198, 0.86223639719, 0.809934607131, 0.772346396222, 0.837954268482, 0.897608048896]
------------------------------------------------------
fsysErr
[0.3, 0.3, 0.3, 0.3, 0.3, 0.3, 0.3, 0.3, 0.3, 0.3, 0.3, 0.3, 0.3, 0.3, 0.3, 0.3, 0.3, 0.3, 0.3, 0.3, 0.3, 0.3, 0.3, 0.3, 0.3, 0.3, 0.3, 0.3, 0.3, 0.3, 0.3, 0.3, 0.3, 0.3, 0.3, 0.3, 0.3, 0.3, 0.3, 0.3, 0.3, 0.3, 0.3, 0.3, 0.3, 0.3]
------------------------------------------------------
ferrUp
[0.002250200779804311, 0.003972962859578311, 0.0049004880203068635, 0.00167757407817274, 0.002384757431114161, 0.003165890683484979, 0.0020279042173623305, 0.004365766789860662, 0.0015852519632553635, 0.005836579925849714, 0.007787383961985988, 0.009812669869390639, 0.008344398899282767, 0.006063123069459132, 0.004721424548926035, 0.0072158929819024, 0.004291138046921409, 0.007853669233296907, 0.004964086894906463, 0.01885866658054425, 0.038399414046210986, 0.02546383174134997, 0.032584517665053776, 0.01571095890845592, 0.013587914068503917, 0.016126979345428533, 0.02199867618766077, 0.029982614856116467, 0.018523126276620575, 0.13040434315902827, 0.04748179544294971, 0.12551371208357517, 0.02476476642851025, 0.03636481466368751, 0.17565094320631955, 0.07720069804942994, 0.1237737145726204, 0.1140720064062878, 0.04748179544294971, 0.12551371208357517, 0.02476476642851025, 0.03636481466368751, 0.17565094320631955, 0.07720069804942994, 0.1237737145726204, 0.1140720064062878]
------------------------------------------------------
ferrDn
[0.002250200779804311, 0.003972962859578311, 0.0049004880203068635, 0.00167757407817274, 0.002384757431114161, 0.003165890683484979, 0.0020279042173623305, 0.004365766789860662, 0.0015852519632553635, 0.005836579925849714, 0.007787383961985988, 0.009812669869390639, 0.008344398899282767, 0.006063123069459132, 0.004721424548926035, 0.0072158929819024, 0.004291138046921409, 0.007853669233296907, 0.004964086894906463, 0.01885866658054425, 0.038399414046210986, 0.02546383174134997, 0.032584517665053776, 0.01571095890845592, 0.013587914068503917, 0.016126979345428533, 0.02199867618766077, 0.029982614856116467, 0.018523126276620575, 0.13040434315902827, 0.04748179544294971, 0.12551371208357517, 0.02476476642851025, 0.03636481466368751, 0.17565094320631955, 0.07720069804942994, 0.1237737145726204, 0.1254040169854159, 0.04748179544294971, 0.12551371208357517, 0.02476476642851025, 0.03636481466368751, 0.17565094320631955, 0.07720069804942994, 0.1237737145726204, 0.1254040169854159]
------------------------------------------------------
purity
[0.9447076107635745, 0.9444370592701042, 0.9434524533398024, 0.9518183154709641, 0.9519584307119623, 0.9522409864786748, 0.965744509571454, 0.9714915001512708, 0.9715162781079084, 0.9742914092513333, 0.9448395339846205, 0.9448087397218605, 0.9440568272834101, 0.9517982422989331, 0.9518651098469738, 0.952012730562026, 0.9645671740535113, 0.9664147418929157, 0.9698287188849501, 0.9710915131369762, 0.9448132150565423, 0.9453793773237325, 0.9437886764340725, 0.9515919961867332, 0.9517854314914942, 0.9519151093279605, 0.9623070849504288, 0.9669272647689771, 0.9715763458815757, 0.9742914092513334, 0.9471094760148332, 0.9489761184599523, 0.951322777984506, 0.9515824667542917, 0.9614918247939047, 0.9661462191420607, 0.9742914092513333, 0.9742914092513333, 0.9501692301259047, 0.9456950613785833, 0.9529458327956667, 0.9503489450978095, 1.0, 0.8846943180493333, 1.0, 0.9742914092513333]
------------------------------------------------------
pErr
[0.015412689404174224, 0.015418459204883822, 0.015439484917318736, 0.013969696500156599, 0.013672756195453339, 0.013074213501483758, 0.01038242401786402, 0.007439722124744883, 0.007427110139964413, 0.006018627194751928, 0.015409877198454635, 0.015410533569121176, 0.015426573649542495, 0.014012243884291557, 0.013870517435473547, 0.013557704319676612, 0.010989597165578156, 0.010037433935788535, 0.008287550824283849, 0.007643404647127812, 0.015410438176019612, 0.01539837754169748, 0.015432300127438568, 0.014449510081283845, 0.014039398794151335, 0.013764556037026364, 0.012159329341974324, 0.009773944663261792, 0.007396538301413586, 0.006018627194751928, 0.015361611584015795, 0.01532209430955151, 0.015020569840014746, 0.014469718188488877, 0.012582625157300348, 0.010175593743196676, 0.006018627194751928, 0.006018627194751928, 0.015296917183276236, 0.015391658973768898, 0.011582672615593903, 0.017088944735672334, 0.0, 0.05595521178827425, 0.0, 0.006018627194751928]
------------------------------------------------------
DR
[1.0, 1.0, 1.0, 1.0, 1.0, 1.0, 1.0, 1.0, 1.0, 1.0, 1.0, 1.0, 1.0, 1.0, 1.0, 1.0, 1.0, 1.0, 1.0, 1.0, 1.0, 1.0, 1.0, 1.0, 1.0, 1.0, 1.0, 1.0, 1.0, 1.0, 1.0, 1.0, 1.0, 1.0, 1.0, 1.0, 1.0, 1.0, 1.0, 1.0, 1.0, 1.0, 1.0, 1.0, 1.0, 1.0]
------------------------------------------------------
DRup
[0.0, 0.0, 0.0, 0.0, 0.0, 0.0, 0.0, 0.0, 0.0, 0.0, 0.0, 0.0, 0.0, 0.0, 0.0, 0.0, 0.0, 0.0, 0.0, 0.0, 0.0, 0.0, 0.0, 0.0, 0.0, 0.0, 0.0, 0.0, 0.0, 0.0, 0.0, 0.0, 0.0, 0.0, 0.0, 0.0, 0.0, 0.0, 0.0, 0.0, 0.0, 0.0, 0.0, 0.0, 0.0, 0.0]
------------------------------------------------------
DRlow
[0.0, 0.0, 0.0, 0.0, 0.0, 0.0, 0.0, 0.0, 0.0, 0.0, 0.0, 0.0, 0.0, 0.0, 0.0, 0.0, 0.0, 0.0, 0.0, 0.0, 0.0, 0.0, 0.0, 0.0, 0.0, 0.0, 0.0, 0.0, 0.0, 0.0, 0.0, 0.0, 0.0, 0.0, 0.0, 0.0, 0.0, 0.0, 0.0, 0.0, 0.0, 0.0, 0.0, 0.0, 0.0, 0.0]
------------------------------------------------------
Yield
[36088.24545861856, 1773.250480721427, 155.25550952581744, 32575.726093095585, 5879.318393589696, 246.131503350852, 2468.7823965917187, 104.8417908429875, 414.67337107562986, 24.587131124939948, 5911.116149391477, 1335.8734599909303, 115.95619876702055, 4932.137069438683, 3427.2752473972705, 229.89133652165492, 594.841992456621, 93.11518580931352, 187.10546412645851, 12.53484931939, 388.1279682874144, 310.64516275869266, 48.40740260643168, 255.13337138392544, 569.9678055612202, 90.14454878458545, 69.95040751119218, 47.804224344668725, 21.739632130935394, 6.476822635535379, 35.57261020148265, 7.601394947805808, 63.40395809912878, 19.618137796191053, 5.094079781317642, 4.509600446771444, 2.0338626233296933, 0.6794427153596443, 4.029237473849023, 1.442878732922043, 2.268290421189121, 3.4287237437471108, 0.0, 0.3754012885877685, 0.0, 0.6794427153596443]
------------------------------------------------------
YstatUp
[0.0073459339417685605, 0.03489575482446517, 0.10040517927982254, 0.007552758208447101, 0.017945667584173874, 0.09379860947064936, 0.027540963818887258, 0.13216491581398643, 0.06279263379040097, 0.2752150933997758, 0.01826439438535488, 0.043417285945926185, 0.13905695140105886, 0.019821004284197193, 0.0256747158154876, 0.09976317606992148, 0.06144713088267662, 0.1448822492913146, 0.08634432188727816, 0.4221432972428175, 0.06762926571005508, 0.08839365207441521, 0.19814455083675644, 0.08415563372646537, 0.06648549316865332, 0.15451170886071203, 0.17912639156729504, 0.1787290529748002, 0.26424378351662825, 0.6511972270940104, 0.22135029814831036, 0.6028598338096655, 0.16691395240203122, 0.3223830613303521, 0.7345109514178277, 0.7354586796552829, 1.372196947065451, 2.8648621184162266, 0.6566382170910307, 1.3861178728095216, 1.148685256809363, 0.7716431852783678, 1.0742957145070373, 5.185143887465936, 1.1455765332759862, 2.8648621184162266]
------------------------------------------------------
YstatLow
[0.0073459339417685605, 0.03489575482446517, 0.10040517927982254, 0.007552758208447101, 0.017945667584173874, 0.09379860947064936, 0.027540963818887258, 0.13216491581398643, 0.06279263379040097, 0.2752150933997758, 0.01826439438535488, 0.043417285945926185, 0.13905695140105886, 0.019821004284197193, 0.0256747158154876, 0.09976317606992148, 0.06144713088267662, 0.1448822492913146, 0.08634432188727816, 0.4221432972428175, 0.06762926571005508, 0.08839365207441521, 0.19814455083675644, 0.08415563372646537, 0.06648549316865332, 0.15451170886071203, 0.17912639156729504, 0.1787290529748002, 0.26424378351662825, 0.6511972270940104, 0.22135029814831036, 0.6028598338096655, 0.16691395240203122, 0.3223830613303521, 0.7345109514178277, 0.7354586796552829, 1.372196947065451, 2.8648621184162266, 0.6566382170910307, 1.3861178728095216, 1.148685256809363, 0.7716431852783678, 1.0742957145070373, 5.185143887465936, 1.1455765332759862, 2.8648621184162266]
------------------------------------------------------
YsysUp
[0.308602034057446, 0.31204228684933366, 0.37047861409921184, 0.3085080504396354, 0.3096862694116622, 0.3312935872776248, 0.3113005843675208, 0.3881706274313567, 0.32702804023688054, 0.5892134703000851, 0.30936698480018987, 0.31275203977443816, 0.3615535717571907, 0.3093087289155441, 0.31028547684406954, 0.33159830685949254, 0.31800977334818104, 0.3835482433226115, 0.37561616089390604, 0.5899236874269492, 0.3266295761087406, 0.33071382746015865, 0.4773920769213566, 0.32700304005242703, 0.31947593296238563, 0.38542622472571336, 0.41356863722944265, 0.5895630752127168, 0.6598223291081076, 1.7668927904804883, 0.3387831764887172, 0.34572026060940175, 0.49080071726781216, 0.3396771977317486, 0.3616844285451445, 0.4070080660973282, 0.3759045110911452, 0.6337916664026534, 0.3387802491832119, 0.3457233506544889, 0.490707534950504, 0.3397988492426336, 0.36146549406019185, 0.4107103710481769, 0.37585632572216143, 0.6337916664026534]
------------------------------------------------------
YsysLow
[0.308602034057446, 0.31204228684933366, 0.37047861409921184, 0.3085080504396354, 0.3096862694116622, 0.3312935872776248, 0.3113005843675208, 0.3881706274313567, 0.32702804023688054, 0.5892134703000851, 0.30936698480018987, 0.31275203977443816, 0.3615535717571907, 0.3093087289155441, 0.31028547684406954, 0.33159830685949254, 0.31800977334818104, 0.3835482433226115, 0.37561616089390604, 0.5899236874269492, 0.3266295761087406, 0.33071382746015865, 0.4773920769213566, 0.32700304005242703, 0.31947593296238563, 0.38542622472571336, 0.41356863722944265, 0.5895630752127168, 0.6598223291081076, 1.7668927904804883, 0.3387831764887172, 0.34572026060940175, 0.49080071726781216, 0.3396771977317486, 0.3616844285451445, 0.4070080660973282, 0.3759045110911452, 0.6359289435400581, 0.3387802491832119, 0.3457233506544889, 0.490707534950504, 0.3397988492426336, 0.36146549406019185, 0.4107103710481769, 0.37585632572216143, 0.6359289435400581]
------------------------------------------------------