1 0.969561102094 0.00229701271247 0.00229701271247
2 0.972201300901 0.0041031580385 0.0041031580385
3 0.979002999266 0.00501962556636 0.00501962556636
4 0.977371445798 0.00174388730965 0.00174388730965
5 0.969368966776 0.0023863207501 0.0023863207501
6 0.977050684655 0.00326675828075 0.00326675828075
7 0.985371170965 0.00206859040196 0.00206859040196
8 0.983720139393 0.00453651551916 0.00453651551916
9 0.989700527968 0.00161778550654 0.00161778550654
10 0.993331095034 0.0050645508779 0.0050645508779
11 0.923474821581 0.00796762299209 0.00796762299209
12 0.910028033497 0.00903593948247 0.00903593948247
13 0.949496213334 0.00779673854559 0.00779673854559
14 0.950678637842 0.00626400650388 0.00626400650388
15 0.926404043207 0.00496016106196 0.00496016106196
16 0.930549619008 0.00747017486417 0.00747017486417
17 0.965811135048 0.00458866233297 0.00458866233297
18 0.950260265654 0.0084047916227 0.0084047916227
19 0.969320781943 0.0052410975415 0.0052410975415
20 0.945845043577 0.0211082473313 0.0211082473313
21 0.906708212785 0.0385116476081 0.0385116476081
22 0.873309701051 0.0263781896701 0.0263781896701
23 0.888082236054 0.0329889737621 0.0329889737621
24 0.968841593295 0.0175573332709 0.0175573332709
25 0.898803185834 0.0137480904565 0.0137480904565
26 0.896048935586 0.0134572261285 0.0134572261285
27 0.940381620014 0.0196511468874 0.0196511468874
28 0.878284247433 0.0276164117741 0.0276164117741
29 0.948213159485 0.0174255863834 0.0174255863834
30 0.898611359896 0.101388640104 0.109846169208
31 0.968657714135 0.0310333099828 0.0310333099828
32 0.769284613967 0.118190499771 0.118190499771
33 0.942919654062 0.0290563060547 0.0290563060547
34 0.864812031411 0.037021581207 0.037021581207
35 0.755377065076 0.171073971077 0.171073971077
36 0.812907100159 0.0645842366256 0.0645842366256
37 0.944344899217 0.0556551007834 0.0587611949514
38 1.0 0.0 0.1
39 0.968657714135 0.0310333099828 0.0310333099828
40 0.769284613967 0.118190499771 0.118190499771
41 0.942919654062 0.0290563060547 0.0290563060547
42 0.864812031411 0.037021581207 0.037021581207
43 0.755377065076 0.171073971077 0.171073971077
44 0.812907100159 0.0645842366256 0.0645842366256
45 0.944344899217 0.0556551007834 0.0587611949514
46 1.0 0.0 0.1
