0 0.968971466077 0.00285761814483 0.00285761814483
1 0.975112897871 0.00710080058468 0.00710080058468
2 0.971856995714 0.00925575135384 0.00925575135384
3 0.97519547244 0.00186647792702 0.00186647792702
4 0.970745756794 0.00465368663413 0.00465368663413
5 0.981105772917 0.00423550861198 0.00423550861198
6 0.982469521506 0.00369137815884 0.00369137815884
7 0.986201629019 0.0058611021343 0.0058611021343
8 0.988649390804 0.0026441555017 0.0026441555017
9 1.0 0.0 0.0
10 0.918782949397 0.00915781162053 0.00915781162053
11 0.91814734383 0.0137396069181 0.0137396069181
12 0.949480700752 0.0129093935539 0.0129093935539
13 0.943617397652 0.00624538866831 0.00624538866831
14 0.920025833261 0.00833438181234 0.00833438181234
15 0.921912677839 0.0127144557279 0.0127144557279
16 0.961845250443 0.00738785767904 0.00738785767904
17 0.957401671871 0.0127900587415 0.0127900587415
18 0.959269692506 0.0115827901382 0.0115827901382
19 0.947071650974 0.0301225414118 0.0301225414118
20 0.938824483739 0.0261948294431 0.0261948294431
21 0.88047422995 0.0332658734569 0.0332658734569
22 0.867080458486 0.065638156277 0.065638156277
23 0.956451281209 0.0194008999388 0.0194008999388
24 0.871146264458 0.0245808732785 0.0245808732785
25 0.894274572612 0.0251757082842 0.0251757082842
26 0.904353259512 0.0422861490282 0.0422861490282
27 0.888570145 0.0500672529027 0.0500672529027
28 0.906793867755 0.0558109555621 0.0558109555621
29 0.889527908767 0.175787157243 0.175787157243
30 0.940970713413 0.0592926017589 0.0592926017589
31 0.921816924048 0.0907577961927 0.0907577961927
32 0.947540401735 0.0419742634272 0.0419742634272
33 0.816488165414 0.0967015807157 0.0967015807157
34 1.0 0.2 0.2
35 0.0 0.0 0.0
36 1.0 0.2 0.2
37 1.0 0.2 0.2
38 0.940970713413 0.0592926017589 0.0592926017589
39 0.921816924048 0.0907577961927 0.0907577961927
40 0.947540401735 0.0419742634272 0.0419742634272
41 0.816488165414 0.0967015807157 0.0967015807157
42 1.0 0.2 0.2
43 0.0 0.0 0.0
44 1.0 0.2 0.2
45 1.0 0.2 0.2
