 binIndex : nMCGJ( nMCerr)|nMCEBt |nMCECt |Nobs |nEB| pEB(pEBerr) |nEC| pEC(pECerr) | trigW(trigWsysErr,trigWerr) | SF(SFerr) |ZgR(REr1) |f(fsysErr,+ferrUp-ferrDn) |purity(pErr)| DR(+DRup-DRlow)| Yield(+YstatUp-YstatLow,+YsysUp-YsysLow)
 1 : 67672.375( 0.068)|53226.18 |14446.211 |102431.0 |79433.0| 0.936(0.016) |22998.0| 0.96(0.017) | 1.0(0.02,0.01) | 0.974(0.067) |0.53(0.005) |0.969(0.3,+0.002-0.002) |0.941(0.017)| 1.0(+0.0-0.0)| 50855.791(+0.006-0.006,+0.309-0.309)
 2 : 4721.442( 0.082)|3763.814 |957.627 |5769.0 |4549.0| 0.936(0.016) |1220.0| 0.96(0.017) | 1.0(0.02,0.01) | 0.974(0.067) |0.475(0.022) |0.973(0.3,+0.004-0.004) |0.941(0.017)| 1.0(+0.0-0.0)| 2579.607(+0.029-0.029,+0.309-0.309)
 3 : 255.833( 0.22)|210.437 |45.396 |304.0 |253.0| 0.936(0.016) |51.0| 0.96(0.017) | 1.0(0.02,0.01) | 0.974(0.067) |0.674(0.138) |0.979(0.3,+0.005-0.005) |0.94(0.017)| 1.0(+0.0-0.0)| 193.815(+0.09-0.09,+0.338-0.338)
 4 : 62046.357( 0.067)|50516.749 |11529.672 |88015.0 |71077.0| 0.953(0.011) |16938.0| 0.948(0.017) | 1.0(0.02,0.01) | 0.974(0.067) |0.548(0.005) |0.977(0.3,+0.002-0.002) |0.952(0.012)| 1.0(+0.0-0.0)| 46113.27(+0.006-0.006,+0.308-0.308)
 5 : 13061.964( 0.073)|10703.854 |2358.113 |16787.0 |14040.0| 0.953(0.011) |2747.0| 0.948(0.017) | 1.0(0.02,0.01) | 0.974(0.067) |0.543(0.015) |0.969(0.3,+0.002-0.002) |0.952(0.012)| 1.0(+0.0-0.0)| 8641.598(+0.015-0.015,+0.309-0.309)
 6 : 791.716( 0.142)|711.667 |80.049 |736.0 |636.0| 0.953(0.011) |100.0| 0.948(0.017) | 1.0(0.02,0.01) | 0.974(0.067) |0.488(0.06) |0.978(0.3,+0.003-0.003) |0.952(0.012)| 1.0(+0.0-0.0)| 343.103(+0.079-0.079,+0.314-0.314)
 7 : 6325.731( 0.08)|5871.417 |454.315 |7047.0 |6307.0| 0.97(0.007) |740.0| 0.892(0.036) | 1.0(0.02,0.01) | 0.974(0.067) |0.545(0.024) |0.985(0.3,+0.002-0.002) |0.962(0.01)| 1.0(+0.0-0.0)| 3737.417(+0.022-0.022,+0.309-0.309)
 8 : 255.96( 0.244)|204.011 |51.949 |226.0 |205.0| 0.97(0.007) |21.0| 0.892(0.036) | 1.0(0.02,0.01) | 0.974(0.067) |0.527(0.121) |0.984(0.3,+0.004-0.004) |0.963(0.009)| 1.0(+0.0-0.0)| 115.941(+0.13-0.13,+0.331-0.331)
 9 : 1120.121( 0.13)|1065.406 |54.716 |1104.0 |1061.0| 0.97(0.007) |43.0| 0.892(0.036) | 1.0(0.02,0.01) | 0.974(0.067) |0.619(0.067) |0.989(0.3,+0.002-0.002) |0.967(0.008)| 1.0(+0.0-0.0)| 671.801(+0.049-0.049,+0.316-0.316)
 10 : 51.48( 0.518)|51.48 |0.0 |38.0 |38.0| 0.97(0.007) |0.0| 0.892(0.036) | 1.0(0.02,0.01) | 0.974(0.067) |0.59(0.297) |0.991(0.3,+0.006-0.006) |0.97(0.007)| 1.0(+0.0-0.0)| 22.151(+0.288-0.288,+0.428-0.428)
 11 : 11113.3( 0.07)|8532.745 |2580.554 |18015.0 |13807.0| 0.936(0.016) |4208.0| 0.96(0.017) | 1.0(0.02,0.011) | 0.974(0.067) |0.543(0.012) |0.924(0.3,+0.008-0.008) |0.942(0.017)| 1.0(+0.0-0.0)| 8743.351(+0.015-0.015,+0.309-0.309)
 12 : 3919.025( 0.084)|2887.654 |1031.37 |4924.0 |3739.0| 0.936(0.016) |1185.0| 0.96(0.017) | 1.0(0.02,0.011) | 0.974(0.067) |0.437(0.022) |0.901(0.3,+0.01-0.01) |0.942(0.017)| 1.0(+0.0-0.0)| 1876.903(+0.037-0.037,+0.31-0.31)
 13 : 324.789( 0.206)|200.323 |124.466 |344.0 |275.0| 0.936(0.016) |69.0| 0.96(0.017) | 1.0(0.02,0.01) | 0.974(0.067) |0.474(0.09) |0.945(0.3,+0.008-0.008) |0.941(0.017)| 1.0(+0.0-0.0)| 148.706(+0.125-0.125,+0.322-0.322)
 14 : 9534.354( 0.071)|7617.646 |1916.714 |14106.0 |11197.0| 0.953(0.011) |2909.0| 0.948(0.017) | 1.0(0.02,0.011) | 0.974(0.067) |0.54(0.013) |0.949(0.3,+0.006-0.006) |0.952(0.012)| 1.0(+0.0-0.0)| 7068.347(+0.017-0.017,+0.309-0.309)
 15 : 9042.654( 0.075)|7257.913 |1784.738 |11403.0 |9252.0| 0.953(0.011) |2151.0| 0.948(0.017) | 1.0(0.02,0.01) | 0.974(0.067) |0.479(0.016) |0.928(0.3,+0.005-0.005) |0.952(0.012)| 1.0(+0.0-0.0)| 4956.369(+0.022-0.022,+0.309-0.309)
 16 : 782.492( 0.14)|606.054 |176.438 |858.0 |735.0| 0.953(0.011) |123.0| 0.948(0.017) | 1.0(0.02,0.01) | 0.974(0.067) |0.462(0.056) |0.932(0.3,+0.007-0.007) |0.952(0.012)| 1.0(+0.0-0.0)| 361.188(+0.081-0.081,+0.313-0.313)
 17 : 1984.524( 0.104)|1731.808 |252.716 |2040.0 |1817.0| 0.97(0.007) |223.0| 0.892(0.036) | 1.0(0.02,0.01) | 0.974(0.067) |0.462(0.036) |0.966(0.3,+0.004-0.004) |0.961(0.01)| 1.0(+0.0-0.0)| 898.904(+0.05-0.05,+0.31-0.31)
 18 : 242.617( 0.239)|217.407 |25.211 |251.0 |225.0| 0.97(0.007) |26.0| 0.892(0.036) | 1.0(0.02,0.01) | 0.974(0.067) |0.517(0.116) |0.952(0.3,+0.008-0.008) |0.962(0.01)| 1.0(+0.0-0.0)| 122.001(+0.13-0.13,+0.33-0.33)
 19 : 296.188( 0.224)|282.349 |13.838 |398.0 |380.0| 0.97(0.007) |18.0| 0.892(0.036) | 1.0(0.02,0.009) | 0.974(0.067) |0.711(0.149) |0.969(0.3,+0.005-0.005) |0.966(0.008)| 1.0(+0.0-0.0)| 272.038(+0.073-0.073,+0.342-0.342)
 20 : 51.48( 0.518)|51.48 |0.0 |45.0 |45.0| 0.97(0.007) |0.0| 0.892(0.036) | 1.0(0.02,0.009) | 0.974(0.067) |0.483(0.243) |0.951(0.3,+0.019-0.019) |0.97(0.007)| 1.0(+0.0-0.0)| 20.605(+0.336-0.336,+0.393-0.393)
 21 : 556.556( 0.119)|455.292 |101.264 |1025.0 |750.0| 0.936(0.016) |275.0| 0.96(0.017) | 1.0(0.02,0.011) | 0.974(0.067) |0.613(0.06) |0.907(0.3,+0.038-0.038) |0.942(0.017)| 1.0(+0.0-0.0)| 551.817(+0.058-0.058,+0.317-0.317)
 22 : 702.242( 0.135)|506.283 |195.959 |1148.0 |849.0| 0.936(0.016) |299.0| 0.96(0.017) | 1.0(0.02,0.011) | 0.974(0.067) |0.48(0.055) |0.871(0.3,+0.025-0.025) |0.942(0.017)| 1.0(+0.0-0.0)| 464.154(+0.073-0.073,+0.315-0.315)
 23 : 87.574( 0.37)|42.17 |45.403 |119.0 |98.0| 0.936(0.016) |21.0| 0.96(0.017) | 1.0(0.02,0.011) | 0.974(0.067) |0.559(0.199) |0.888(0.3,+0.033-0.033) |0.94(0.017)| 1.0(+0.0-0.0)| 57.09(+0.191-0.191,+0.369-0.369)
 24 : 449.889( 0.125)|342.486 |107.403 |763.0 |605.0| 0.953(0.011) |158.0| 0.948(0.017) | 1.0(0.02,0.011) | 0.974(0.067) |0.557(0.058) |0.973(0.3,+0.016-0.016) |0.952(0.012)| 1.0(+0.0-0.0)| 404.061(+0.068-0.068,+0.314-0.314)
 25 : 1527.189( 0.107)|1178.821 |348.368 |2092.0 |1673.0| 0.953(0.011) |419.0| 0.948(0.017) | 1.0(0.02,0.011) | 0.974(0.067) |0.438(0.036) |0.893(0.3,+0.014-0.014) |0.952(0.012)| 1.0(+0.0-0.0)| 798.929(+0.057-0.057,+0.311-0.311)
 26 : 211.146( 0.245)|151.81 |59.336 |341.0 |275.0| 0.953(0.011) |66.0| 0.948(0.017) | 1.0(0.02,0.01) | 0.974(0.067) |0.54(0.125) |0.888(0.3,+0.016-0.016) |0.952(0.012)| 1.0(+0.0-0.0)| 159.897(+0.115-0.115,+0.333-0.333)
 27 : 204.52( 0.274)|165.898 |38.623 |278.0 |237.0| 0.97(0.007) |41.0| 0.892(0.036) | 1.0(0.02,0.01) | 0.974(0.067) |0.437(0.113) |0.929(0.3,+0.022-0.022) |0.958(0.011)| 1.0(+0.0-0.0)| 111.17(+0.15-0.15,+0.329-0.329)
 28 : 47.332( 0.518)|47.332 |0.0 |96.0 |85.0| 0.97(0.007) |11.0| 0.892(0.036) | 1.0(0.02,0.01) | 0.974(0.067) |0.775(0.389) |0.872(0.3,+0.03-0.03) |0.961(0.01)| 1.0(+0.0-0.0)| 63.983(+0.153-0.153,+0.497-0.497)
 29 : 38.587( 0.597)|38.587 |0.0 |56.0 |54.0| 0.97(0.007) |2.0| 0.892(0.036) | 1.0(0.02,0.009) | 0.974(0.067) |0.594(0.344) |0.943(0.3,+0.019-0.019) |0.967(0.008)| 1.0(+0.0-0.0)| 31.166(+0.24-0.24,+0.462-0.462)
 30 : 12.87( 1.78)|12.87 |0.0 |17.0 |17.0| 0.97(0.007) |0.0| 0.892(0.036) | 1.0(0.02,0.009) | 0.974(0.067) |0.519(0.9) |0.852(0.3,+0.13-0.13) |0.97(0.007)| 1.0(+0.0-0.0)| 7.483(+0.594-0.594,+0.96-0.96)
 31 : 69.565( 0.385)|35.589 |33.976 |95.0 |74.0| 0.936(0.016) |21.0| 0.96(0.017) | 1.0(0.02,0.011) | 0.974(0.067) |0.613(0.126) |0.922(0.3,+0.047-0.047) |0.941(0.017)| 1.0(+0.0-0.0)| 51.901(+0.188-0.188,+0.337-0.337)
 32 : 10.566( 1.029)|10.566 |0.0 |29.0 |23.0| 0.936(0.016) |6.0| 0.96(0.017) | 1.0(0.02,0.011) | 0.974(0.067) |0.48(0.099) |0.762(0.3,+0.126-0.126) |0.941(0.017)| 1.0(+0.0-0.0)| 10.248(+0.525-0.525,+0.348-0.348)
 33 : 150.019( 0.266)|98.43 |51.589 |184.0 |139.0| 0.953(0.011) |45.0| 0.948(0.017) | 1.0(0.02,0.01) | 0.974(0.067) |0.559(0.357) |0.948(0.3,+0.025-0.025) |0.952(0.012)| 1.0(+0.0-0.0)| 95.374(+0.142-0.142,+0.472-0.472)
 34 : 22.022( 0.729)|22.022 |0.0 |63.0 |50.0| 0.953(0.011) |13.0| 0.948(0.017) | 1.0(0.02,0.011) | 0.974(0.067) |0.557(0.134) |0.862(0.3,+0.036-0.036) |0.952(0.012)| 1.0(+0.0-0.0)| 29.567(+0.268-0.268,+0.338-0.338)
 35 : 0.0( 1.671)|0.0 |0.0 |22.0 |21.0| 0.97(0.007) |1.0| 0.892(0.036) | 1.0(0.02,0.011) | 0.974(0.067) |0.438(0.066) |0.81(0.3,+0.176-0.176) |0.966(0.008)| 1.0(+0.0-0.0)| 7.739(+0.606-0.606,+0.361-0.361)
 36 : 0.0( 1.671)|0.0 |0.0 |28.0 |26.0| 0.97(0.007) |2.0| 0.892(0.036) | 1.0(0.02,0.011) | 0.974(0.067) |0.54(0.285) |0.772(0.3,+0.077-0.077) |0.964(0.009)| 1.0(+0.0-0.0)| 11.561(+0.458-0.458,+0.427-0.427)
 37 : 0.0( 1.671)|0.0 |0.0 |5.0 |5.0| 0.97(0.007) |0.0| 0.892(0.036) | 1.0(0.02,0.01) | 0.974(0.067) |0.437(0.146) |0.838(0.3,+0.124-0.124) |0.97(0.007)| 1.0(+0.0-0.0)| 1.825(+1.53-1.53,+0.363-0.363)
 38 : 0.0( 1.671)|0.0 |0.0 |6.0 |5.0| 0.97(0.007) |1.0| 0.892(0.036) | 1.0(0.02,0.01) | 0.974(0.067) |0.775(0.654) |0.898(0.3,+0.114-0.125) |0.957(0.011)| 1.0(+0.0-0.0)| 4.1(+0.597-0.597,+0.732-0.734)
 39 : 10.575( 1.029)|10.575 |0.0 |5.0 |2.0| 0.936(0.016) |3.0| 0.96(0.017) | 1.0(0.02,0.009) | 0.974(0.067) |0.613(0.126) |0.922(0.3,+0.047-0.047) |0.951(0.017)| 1.0(+0.0-0.0)| 2.758(+0.811-0.811,+0.337-0.337)
 40 : 0.0( 1.671)|0.0 |0.0 |1.0 |1.0| 0.936(0.016) |0.0| 0.96(0.017) | 1.0(0.02,0.009) | 0.974(0.067) |0.48(0.099) |0.762(0.3,+0.126-0.126) |0.936(0.016)| 1.0(+0.0-0.0)| 0.351(+5.538-5.538,+0.347-0.347)
 41 : 7.411( 0.729)|7.411 |0.0 |7.0 |5.0| 0.953(0.011) |2.0| 0.948(0.017) | 1.0(0.02,0.011) | 0.974(0.067) |0.559(0.357) |0.948(0.3,+0.025-0.025) |0.952(0.013)| 1.0(+0.0-0.0)| 3.628(+0.729-0.729,+0.472-0.472)
 42 : 10.923( 1.029)|10.923 |0.0 |8.0 |6.0| 0.953(0.011) |2.0| 0.948(0.017) | 1.0(0.02,0.011) | 0.974(0.067) |0.557(0.134) |0.862(0.3,+0.036-0.036) |0.952(0.012)| 1.0(+0.0-0.0)| 3.754(+0.754-0.754,+0.338-0.338)
 43 : 0.0( 1.671)|0.0 |0.0 |0.0 |0.0| 0.97(0.007) |0.0| 0.892(0.036) | 1.0(0.02,0.011) | 0.974(0.067) |0.438(0.066) |0.81(0.3,+0.176-0.176) |1.0(0.0)| 1.0(+0.0-0.0)| 0.0(+1.033-1.033,+0.361-0.361)
 44 : 0.0( 1.671)|0.0 |0.0 |1.0 |0.0| 0.97(0.007) |1.0| 0.892(0.036) | 1.0(0.02,0.011) | 0.974(0.067) |0.54(0.285) |0.772(0.3,+0.077-0.077) |0.892(0.036)| 1.0(+0.0-0.0)| 0.382(+5.097-5.097,+0.428-0.428)
 45 : 0.0( 1.671)|0.0 |0.0 |0.0 |0.0| 0.97(0.007) |0.0| 0.892(0.036) | 1.0(0.02,0.009) | 0.974(0.067) |0.437(0.146) |0.838(0.3,+0.124-0.124) |1.0(0.0)| 1.0(+0.0-0.0)| 0.0(+1.032-1.032,+0.363-0.363)
 46 : 0.0( 1.671)|0.0 |0.0 |0.0 |0.0| 0.97(0.007) |0.0| 0.892(0.036) | 1.0(0.02,0.009) | 0.974(0.067) |0.775(0.654) |0.898(0.3,+0.114-0.125) |1.0(0.0)| 1.0(+0.0-0.0)| 0.0(+1.829-1.829,+0.732-0.734)

binIndex
[1, 2, 3, 4, 5, 6, 7, 8, 9, 10, 11, 12, 13, 14, 15, 16, 17, 18, 19, 20, 21, 22, 23, 24, 25, 26, 27, 28, 29, 30, 31, 32, 33, 34, 35, 36, 37, 38, 39, 40, 41, 42, 43, 44, 45, 46]
------------------------------------------------------
nMCGJ
[67672.37510924363, 4721.441830043893, 255.8334060862215, 62046.35665142022, 13061.964053067593, 791.7155485769679, 6325.730778426909, 255.9597026078108, 1120.1211463803606, 51.48000042666982, 11113.300052986675, 3919.0245006996497, 324.7894648640272, 9534.35383414679, 9042.653637481331, 782.4917134137817, 1984.524131136331, 242.61719259448893, 296.1877740546755, 51.48000042666982, 556.5561195320789, 702.2418756355348, 87.57378821722855, 449.8891553369674, 1527.1889476357971, 211.14594736635922, 204.5203860906332, 47.33152289523113, 38.58747933432111, 12.870000106667455, 69.56508817563906, 10.565786768856865, 150.01875772534999, 22.022268912131477, 0.0, 0.0, 0.0, 0.0, 10.575345909252388, 0.0, 7.41072359162801, 10.923338170871284, 0.0, 0.0, 0.0, 0.0]
------------------------------------------------------
nMCerr
[0.0675123688205565, 0.08216142675638313, 0.22014143033813258, 0.06743826873437814, 0.07283833391040537, 0.1416101016454194, 0.08029614773832308, 0.24357595406985635, 0.12988378983705745, 0.5179183741828844, 0.070487459161114, 0.08429687833059349, 0.2055976412560889, 0.0707694968581067, 0.07530337493894164, 0.13982917336149833, 0.10388491376721594, 0.23929472495596577, 0.22438463784902146, 0.5179183741828844, 0.11930975688366315, 0.1353757239064319, 0.369503551979633, 0.1248179814513884, 0.10655416079844965, 0.24517425692196665, 0.27394193872715256, 0.5180322578758036, 0.5967963647544715, 1.7803943702568872, 0.385205807212728, 1.0293567223119668, 0.26581063755142087, 0.7294727400230162, 1.6713350459533973, 1.6713350459533973, 1.6713350459533973, 1.6713350459533973, 1.0293567223119668, 1.6713350459533973, 0.7294622997822694, 1.0293567223119668, 1.6713350459533973, 1.6713350459533973, 1.6713350459533973, 1.6713350459533973]
------------------------------------------------------
nMCEBt
[53226.179788473746, 3763.813651675088, 210.43730830897312, 50516.749037541726, 10703.853800935578, 711.6669652417335, 5871.416966617635, 204.01112975646186, 1065.405726020404, 51.48000042666982, 8532.745350623607, 2887.6541274810675, 200.3233218327786, 7617.645735882261, 7257.913312373544, 606.0535416140365, 1731.8079703887865, 217.40650842660992, 282.3494959736611, 51.48000042666982, 455.2920973568846, 506.2828547390456, 42.17042267084496, 342.4861596137793, 1178.8207748633974, 151.81002328161037, 165.8977303080501, 47.33152289523113, 38.58747933432111, 12.870000106667455, 35.58881338679765, 10.565786768856865, 98.43020126414191, 22.022268912131477, 0.0, 0.0, 0.0, 0.0, 10.575345909252388, 0.0, 7.41072359162801, 10.923338170871284, 0.0, 0.0, 0.0, 0.0]
------------------------------------------------------
nMCECt
[14446.21053220696, 957.6271682343106, 45.396082922329356, 11529.672262486114, 2358.1128665977644, 80.04874673934368, 454.3147625240918, 51.94858027880848, 54.715613473904014, 0.0, 2580.553989326954, 1031.369779021821, 124.46618016854616, 1916.7142779108462, 1784.7381859994468, 176.43829063909746, 252.7162201672207, 25.21070087966292, 13.838299434960495, 0.0, 101.26397018297774, 195.9589763317321, 45.403361832653836, 107.40306999778326, 348.3682321920759, 59.33594265339763, 38.622633500204564, 0.0, 0.0, 0.0, 33.97628221630092, 0.0, 51.58855646120808, 0.0, 0.0, 0.0, 0.0, 0.0, 0.0, 0.0, 0.0, 0.0, 0.0, 0.0, 0.0, 0.0]
------------------------------------------------------
Nobs
[102431.0, 5769.0, 304.0, 88015.0, 16787.0, 736.0, 7047.0, 226.0, 1104.0, 38.0, 18015.0, 4924.0, 344.0, 14106.0, 11403.0, 858.0, 2040.0, 251.0, 398.0, 45.0, 1025.0, 1148.0, 119.0, 763.0, 2092.0, 341.0, 278.0, 96.0, 56.0, 17.0, 95.0, 29.0, 184.0, 63.0, 22.0, 28.0, 5.0, 6.0, 5.0, 1.0, 7.0, 8.0, 0.0, 1.0, 0.0, 0.0]
------------------------------------------------------
nEB
[79433.0, 4549.0, 253.0, 71077.0, 14040.0, 636.0, 6307.0, 205.0, 1061.0, 38.0, 13807.0, 3739.0, 275.0, 11197.0, 9252.0, 735.0, 1817.0, 225.0, 380.0, 45.0, 750.0, 849.0, 98.0, 605.0, 1673.0, 275.0, 237.0, 85.0, 54.0, 17.0, 74.0, 23.0, 139.0, 50.0, 21.0, 26.0, 5.0, 5.0, 2.0, 1.0, 5.0, 6.0, 0.0, 0.0, 0.0, 0.0]
------------------------------------------------------
pEB
[0.935941864678, 0.935941864678, 0.935941864678, 0.9528332801676668, 0.9528332801676668, 0.9528332801676668, 0.9698275681449999, 0.9698275681449999, 0.9698275681449999, 0.9698275681449999, 0.935941864678, 0.935941864678, 0.935941864678, 0.9528332801676668, 0.9528332801676668, 0.9528332801676668, 0.9698275681449999, 0.9698275681449999, 0.9698275681449999, 0.9698275681449999, 0.935941864678, 0.935941864678, 0.935941864678, 0.9528332801676668, 0.9528332801676668, 0.9528332801676668, 0.9698275681449999, 0.9698275681449999, 0.9698275681449999, 0.9698275681449999, 0.935941864678, 0.935941864678, 0.9528332801676668, 0.9528332801676668, 0.9698275681449999, 0.9698275681449999, 0.9698275681449999, 0.9698275681449999, 0.935941864678, 0.935941864678, 0.9528332801676668, 0.9528332801676668, 0.9698275681449999, 0.9698275681449999, 0.9698275681449999, 0.9698275681449999]
------------------------------------------------------
pEBerr
[0.016481122146733865, 0.016481122146733865, 0.016481122146733865, 0.01100477066441423, 0.01100477066441423, 0.01100477066441423, 0.006700851348688687, 0.006700851348688687, 0.006700851348688687, 0.006700851348688687, 0.016481122146733865, 0.016481122146733865, 0.016481122146733865, 0.01100477066441423, 0.01100477066441423, 0.01100477066441423, 0.006700851348688687, 0.006700851348688687, 0.006700851348688687, 0.006700851348688687, 0.016481122146733865, 0.016481122146733865, 0.016481122146733865, 0.01100477066441423, 0.01100477066441423, 0.01100477066441423, 0.006700851348688687, 0.006700851348688687, 0.006700851348688687, 0.006700851348688687, 0.016481122146733865, 0.016481122146733865, 0.01100477066441423, 0.01100477066441423, 0.006700851348688687, 0.006700851348688687, 0.006700851348688687, 0.006700851348688687, 0.016481122146733865, 0.016481122146733865, 0.01100477066441423, 0.01100477066441423, 0.006700851348688687, 0.006700851348688687, 0.006700851348688687, 0.006700851348688687]
------------------------------------------------------
nEC
[22998.0, 1220.0, 51.0, 16938.0, 2747.0, 100.0, 740.0, 21.0, 43.0, 0.0, 4208.0, 1185.0, 69.0, 2909.0, 2151.0, 123.0, 223.0, 26.0, 18.0, 0.0, 275.0, 299.0, 21.0, 158.0, 419.0, 66.0, 41.0, 11.0, 2.0, 0.0, 21.0, 6.0, 45.0, 13.0, 1.0, 2.0, 0.0, 1.0, 3.0, 0.0, 2.0, 2.0, 0.0, 1.0, 0.0, 0.0]
------------------------------------------------------
pEC
[0.9603043977869999, 0.9603043977869999, 0.9603043977869999, 0.948359821654, 0.948359821654, 0.948359821654, 0.8919489522903333, 0.8919489522903333, 0.8919489522903333, 0.8919489522903333, 0.9603043977869999, 0.9603043977869999, 0.9603043977869999, 0.948359821654, 0.948359821654, 0.948359821654, 0.8919489522903333, 0.8919489522903333, 0.8919489522903333, 0.8919489522903333, 0.9603043977869999, 0.9603043977869999, 0.9603043977869999, 0.948359821654, 0.948359821654, 0.948359821654, 0.8919489522903333, 0.8919489522903333, 0.8919489522903333, 0.8919489522903333, 0.9603043977869999, 0.9603043977869999, 0.948359821654, 0.948359821654, 0.8919489522903333, 0.8919489522903333, 0.8919489522903333, 0.8919489522903333, 0.9603043977869999, 0.9603043977869999, 0.948359821654, 0.948359821654, 0.8919489522903333, 0.8919489522903333, 0.8919489522903333, 0.8919489522903333]
------------------------------------------------------
pECerr
[0.01667440668490169, 0.01667440668490169, 0.01667440668490169, 0.016930112124528423, 0.016930112124528423, 0.016930112124528423, 0.03604156077892064, 0.03604156077892064, 0.03604156077892064, 0.03604156077892064, 0.01667440668490169, 0.01667440668490169, 0.01667440668490169, 0.016930112124528423, 0.016930112124528423, 0.016930112124528423, 0.03604156077892064, 0.03604156077892064, 0.03604156077892064, 0.03604156077892064, 0.01667440668490169, 0.01667440668490169, 0.01667440668490169, 0.016930112124528423, 0.016930112124528423, 0.016930112124528423, 0.03604156077892064, 0.03604156077892064, 0.03604156077892064, 0.03604156077892064, 0.01667440668490169, 0.01667440668490169, 0.016930112124528423, 0.016930112124528423, 0.03604156077892064, 0.03604156077892064, 0.03604156077892064, 0.03604156077892064, 0.01667440668490169, 0.01667440668490169, 0.016930112124528423, 0.016930112124528423, 0.03604156077892064, 0.03604156077892064, 0.03604156077892064, 0.03604156077892064]
------------------------------------------------------
trigW
[1.0, 1.0, 1.0, 1.0, 1.0, 1.0, 1.0, 1.0, 1.0, 1.0, 1.0, 1.0, 1.0, 1.0, 1.0, 1.0, 1.0, 1.0, 1.0, 1.0, 1.0, 1.0, 1.0, 1.0, 1.0, 1.0, 1.0, 1.0, 1.0, 1.0, 1.0, 1.0, 1.0, 1.0, 1.0, 1.0, 1.0, 1.0, 1.0, 1.0, 1.0, 1.0, 1.0, 1.0, 1.0, 1.0]
------------------------------------------------------
trigWsysErr
[0.02, 0.02, 0.02, 0.02, 0.02, 0.02, 0.02, 0.02, 0.02, 0.02, 0.02, 0.02, 0.02, 0.02, 0.02, 0.02, 0.02, 0.02, 0.02, 0.02, 0.02, 0.02, 0.02, 0.02, 0.02, 0.02, 0.02, 0.02, 0.02, 0.02, 0.02, 0.02, 0.02, 0.02, 0.02, 0.02, 0.02, 0.02, 0.02, 0.02, 0.02, 0.02, 0.02, 0.02, 0.02, 0.02]
------------------------------------------------------
trigWerr
[0.010498493106893107, 0.010498493106893107, 0.010498493106893107, 0.010498493106893107, 0.010498493106893107, 0.010498493106893107, 0.010498493106893107, 0.010498493106893107, 0.010498493106893107, 0.010498493106893107, 0.01086171996612354, 0.010742371580863235, 0.01034250542763158, 0.010568283897631085, 0.010304774361112766, 0.010050750815217393, 0.009768448126862495, 0.009657862168141592, 0.009164148233695652, 0.00880785, 0.01094461003330558, 0.011009329234362307, 0.010642718459302326, 0.010694338356018716, 0.010533431886345698, 0.010119240734265735, 0.00980782463235294, 0.009755425697211157, 0.009221567336683417, 0.00880785, 0.011262124390243903, 0.011190408580139373, 0.010422158823529412, 0.010702141612057669, 0.010640023637667305, 0.010578382258064517, 0.010156978597122302, 0.009856029687500002, 0.009134555357142858, 0.00880785, 0.010829984210526316, 0.010700487931034484, 0.011045071467391305, 0.010695480952380952, 0.009223656818181818, 0.009461260714285715]
------------------------------------------------------
SF
[0.9735319735212031, 0.9735319735212031, 0.9735319735212031, 0.9735319735212031, 0.9735319735212031, 0.9735319735212031, 0.9735319735212031, 0.9735319735212031, 0.9735319735212031, 0.9735319735212031, 0.9735319735212031, 0.9735319735212031, 0.9735319735212031, 0.9735319735212031, 0.9735319735212031, 0.9735319735212031, 0.9735319735212031, 0.9735319735212031, 0.9735319735212031, 0.9735319735212031, 0.9735319735212031, 0.9735319735212031, 0.9735319735212031, 0.9735319735212031, 0.9735319735212031, 0.9735319735212031, 0.9735319735212031, 0.9735319735212031, 0.9735319735212031, 0.9735319735212031, 0.9735319735212031, 0.9735319735212031, 0.9735319735212031, 0.9735319735212031, 0.9735319735212031, 0.9735319735212031, 0.9735319735212031, 0.9735319735212031, 0.9735319735212031, 0.9735319735212031, 0.9735319735212031, 0.9735319735212031, 0.9735319735212031, 0.9735319735212031, 0.9735319735212031, 0.9735319735212031]
------------------------------------------------------
SFerr
[0.06678948893384838, 0.06678948893384838, 0.06678948893384838, 0.06678948893384838, 0.06678948893384838, 0.06678948893384838, 0.06678948893384838, 0.06678948893384838, 0.06678948893384838, 0.06678948893384838, 0.06678948893384838, 0.06678948893384838, 0.06678948893384838, 0.06678948893384838, 0.06678948893384838, 0.06678948893384838, 0.06678948893384838, 0.06678948893384838, 0.06678948893384838, 0.06678948893384838, 0.06678948893384838, 0.06678948893384838, 0.06678948893384838, 0.06678948893384838, 0.06678948893384838, 0.06678948893384838, 0.06678948893384838, 0.06678948893384838, 0.06678948893384838, 0.06678948893384838, 0.06678948893384838, 0.06678948893384838, 0.06678948893384838, 0.06678948893384838, 0.06678948893384838, 0.06678948893384838, 0.06678948893384838, 0.06678948893384838, 0.06678948893384838, 0.06678948893384838, 0.06678948893384838, 0.06678948893384838, 0.06678948893384838, 0.06678948893384838, 0.06678948893384838, 0.06678948893384838]
------------------------------------------------------
ZgR
[0.5296168923377991, 0.4753270745277405, 0.6742517352104187, 0.5484660863876343, 0.543412983417511, 0.4875442087650299, 0.5450124144554138, 0.5272982120513916, 0.6193077564239502, 0.5904816389083862, 0.5428066253662109, 0.4374963343143463, 0.47352102398872375, 0.5398925542831421, 0.47874560952186584, 0.4616719186306, 0.46191051602363586, 0.5167800188064575, 0.7107278108596802, 0.48349425196647644, 0.6128675937652588, 0.4795480966567993, 0.5591183304786682, 0.5566575527191162, 0.4375964403152466, 0.5397152304649353, 0.43715736269950867, 0.7746263146400452, 0.5942336320877075, 0.5189244151115417, 0.6128675937652588, 0.4795480966567993, 0.5591183304786682, 0.5566575527191162, 0.4375964403152466, 0.5397152304649353, 0.43715736269950867, 0.7746263146400452, 0.6128675937652588, 0.4795480966567993, 0.5591183304786682, 0.5566575527191162, 0.4375964403152466, 0.5397152304649353, 0.43715736269950867, 0.7746263146400452]
------------------------------------------------------
REr1
[0.005218940536563377, 0.022230960859454117, 0.13827649265319172, 0.0050796483706570614, 0.015428134100112633, 0.05958509852977356, 0.02371837344542077, 0.12076887276894956, 0.06735717830863508, 0.2965481074053537, 0.012198501324467353, 0.02201098309052151, 0.09012399398084622, 0.012523832465305161, 0.0162789329809535, 0.05553401654998146, 0.03591074364990922, 0.11615892577514239, 0.14865305827101116, 0.24305428875427473, 0.06043286568847949, 0.055275443051771546, 0.19874875600334255, 0.05843525622465997, 0.03555686044278454, 0.12454620063055735, 0.11344639791737293, 0.3886300474790497, 0.34427432989811363, 0.9002980781715958, 0.12602044739576934, 0.09886179729512633, 0.35703953899935525, 0.13353686374268248, 0.06588078015170007, 0.28490015554460046, 0.14645306488211599, 0.6540021070730794, 0.12602044739576934, 0.09886179729512633, 0.35703953899935525, 0.13353686374268248, 0.06588078015170007, 0.28490015554460046, 0.14645306488211599, 0.6540021070730794]
------------------------------------------------------
f
[0.969432907698, 0.973145158757, 0.979263771362, 0.976889210827, 0.968630268912, 0.977559820541, 0.985131528509, 0.983965826053, 0.989420643321, 0.990962172524, 0.924415581298, 0.900613686123, 0.944646618266, 0.949206308714, 0.928448449434, 0.932263077866, 0.966073435266, 0.95206802902, 0.968901223366, 0.950653869399, 0.907367595812, 0.871073319118, 0.888424582686, 0.972950074516, 0.892513261282, 0.888482999934, 0.929254115212, 0.871710694575, 0.942829884842, 0.851514476336, 0.921928773995, 0.762406001333, 0.948291436198, 0.86223639719, 0.809934607131, 0.772346396222, 0.837954268482, 0.897608048896, 0.921928773995, 0.762406001333, 0.948291436198, 0.86223639719, 0.809934607131, 0.772346396222, 0.837954268482, 0.897608048896]
------------------------------------------------------
fsysErr
[0.3, 0.3, 0.3, 0.3, 0.3, 0.3, 0.3, 0.3, 0.3, 0.3, 0.3, 0.3, 0.3, 0.3, 0.3, 0.3, 0.3, 0.3, 0.3, 0.3, 0.3, 0.3, 0.3, 0.3, 0.3, 0.3, 0.3, 0.3, 0.3, 0.3, 0.3, 0.3, 0.3, 0.3, 0.3, 0.3, 0.3, 0.3, 0.3, 0.3, 0.3, 0.3, 0.3, 0.3, 0.3, 0.3]
------------------------------------------------------
ferrUp
[0.002250200779804311, 0.003972962859578311, 0.0049004880203068635, 0.00167757407817274, 0.002384757431114161, 0.003165890683484979, 0.0020279042173623305, 0.004365766789860662, 0.0015852519632553635, 0.005836579925849714, 0.007787383961985988, 0.009812669869390639, 0.008344398899282767, 0.006063123069459132, 0.004721424548926035, 0.0072158929819024, 0.004291138046921409, 0.007853669233296907, 0.004964086894906463, 0.01885866658054425, 0.038399414046210986, 0.02546383174134997, 0.032584517665053776, 0.01571095890845592, 0.013587914068503917, 0.016126979345428533, 0.02199867618766077, 0.029982614856116467, 0.018523126276620575, 0.13040434315902827, 0.04748179544294971, 0.12551371208357517, 0.02476476642851025, 0.03636481466368751, 0.17565094320631955, 0.07720069804942994, 0.1237737145726204, 0.1140720064062878, 0.04748179544294971, 0.12551371208357517, 0.02476476642851025, 0.03636481466368751, 0.17565094320631955, 0.07720069804942994, 0.1237737145726204, 0.1140720064062878]
------------------------------------------------------
ferrDn
[0.002250200779804311, 0.003972962859578311, 0.0049004880203068635, 0.00167757407817274, 0.002384757431114161, 0.003165890683484979, 0.0020279042173623305, 0.004365766789860662, 0.0015852519632553635, 0.005836579925849714, 0.007787383961985988, 0.009812669869390639, 0.008344398899282767, 0.006063123069459132, 0.004721424548926035, 0.0072158929819024, 0.004291138046921409, 0.007853669233296907, 0.004964086894906463, 0.01885866658054425, 0.038399414046210986, 0.02546383174134997, 0.032584517665053776, 0.01571095890845592, 0.013587914068503917, 0.016126979345428533, 0.02199867618766077, 0.029982614856116467, 0.018523126276620575, 0.13040434315902827, 0.04748179544294971, 0.12551371208357517, 0.02476476642851025, 0.03636481466368751, 0.17565094320631955, 0.07720069804942994, 0.1237737145726204, 0.1254040169854159, 0.04748179544294971, 0.12551371208357517, 0.02476476642851025, 0.03636481466368751, 0.17565094320631955, 0.07720069804942994, 0.1237737145726204, 0.1254040169854159]
------------------------------------------------------
purity
[0.9414117862490163, 0.9410939344289064, 0.9400290001666809, 0.951972387816312, 0.952101249993303, 0.9522254733043968, 0.9616495951447936, 0.9625910595921328, 0.9667942524912403, 0.9698275681449999, 0.9416325412987423, 0.9418049032105273, 0.9408285355632354, 0.9519107443094321, 0.9519894312451993, 0.9521919801709523, 0.9613143665099064, 0.9617604605265884, 0.9663054196892612, 0.9698275681449999, 0.9424781540487074, 0.9422871585800827, 0.9402411352266471, 0.9519069283391486, 0.9519373054462393, 0.9519674494876024, 0.9583418730009665, 0.9609039767449862, 0.9670461890073333, 0.9698275681449999, 0.9413272667336737, 0.9409823887695172, 0.9517392278137808, 0.9519101855537355, 0.9662876310606969, 0.9642648098696666, 0.9698275681449999, 0.9568477988358888, 0.9505593845433999, 0.935941864678, 0.9515551491637619, 0.95171491553925, 1.0, 0.8919489522903333, 1.0, 1.0]
------------------------------------------------------
pErr
[0.01652538965300295, 0.01652283139371128, 0.016514247565119922, 0.012140742626500866, 0.011970574581563786, 0.011806575958143887, 0.009558581422992709, 0.009227120634854763, 0.007755179815109572, 0.006700851348688687, 0.01652716540380683, 0.016528551302099775, 0.016520693982564637, 0.012222161818742628, 0.01211823340232339, 0.011850789112206613, 0.00967676189870859, 0.009519515409439558, 0.007925709023643743, 0.006700851348688687, 0.0165339598057399, 0.01653242624507068, 0.016515959015904236, 0.012227202326643247, 0.012187078383154186, 0.012147264818452979, 0.010728292531832518, 0.009821551712184944, 0.00766735914373791, 0.006700851348688687, 0.016524709558615076, 0.016521933198638046, 0.012448757552222061, 0.012222899875555766, 0.007931917836108226, 0.008639442636645287, 0.006700851348688687, 0.011259294023268996, 0.01659828178665428, 0.016481122146733865, 0.012692040415948656, 0.012480883857189236, 0.0, 0.03604156077892064, 0.0, 0.0]
------------------------------------------------------
DR
[1.0, 1.0, 1.0, 1.0, 1.0, 1.0, 1.0, 1.0, 1.0, 1.0, 1.0, 1.0, 1.0, 1.0, 1.0, 1.0, 1.0, 1.0, 1.0, 1.0, 1.0, 1.0, 1.0, 1.0, 1.0, 1.0, 1.0, 1.0, 1.0, 1.0, 1.0, 1.0, 1.0, 1.0, 1.0, 1.0, 1.0, 1.0, 1.0, 1.0, 1.0, 1.0, 1.0, 1.0, 1.0, 1.0]
------------------------------------------------------
DRup
[0.0, 0.0, 0.0, 0.0, 0.0, 0.0, 0.0, 0.0, 0.0, 0.0, 0.0, 0.0, 0.0, 0.0, 0.0, 0.0, 0.0, 0.0, 0.0, 0.0, 0.0, 0.0, 0.0, 0.0, 0.0, 0.0, 0.0, 0.0, 0.0, 0.0, 0.0, 0.0, 0.0, 0.0, 0.0, 0.0, 0.0, 0.0, 0.0, 0.0, 0.0, 0.0, 0.0, 0.0, 0.0, 0.0]
------------------------------------------------------
DRlow
[0.0, 0.0, 0.0, 0.0, 0.0, 0.0, 0.0, 0.0, 0.0, 0.0, 0.0, 0.0, 0.0, 0.0, 0.0, 0.0, 0.0, 0.0, 0.0, 0.0, 0.0, 0.0, 0.0, 0.0, 0.0, 0.0, 0.0, 0.0, 0.0, 0.0, 0.0, 0.0, 0.0, 0.0, 0.0, 0.0, 0.0, 0.0, 0.0, 0.0, 0.0, 0.0, 0.0, 0.0, 0.0, 0.0]
------------------------------------------------------
Yield
[50855.79067876594, 2579.6065587354847, 193.81454970043072, 46113.2697068386, 8641.597872587397, 343.1031735669153, 3737.4166717493313, 115.94081725142526, 671.8006200033667, 22.150900008387417, 8743.350780026305, 1876.9025863803474, 148.70560715967406, 7068.346691955145, 4956.3689909655695, 361.18818149617977, 898.904119041415, 122.00120367244838, 272.03831860307076, 20.60490207718717, 551.8167280934308, 464.1537080348652, 57.090032072014615, 404.0614963500416, 798.9291469673497, 159.8969039262423, 111.16992968383852, 63.98315107073623, 31.16560724027606, 7.483234712539733, 51.90127805162741, 10.248203756125411, 95.3742493189263, 29.566557478690974, 7.739316690573014, 11.560614723503742, 1.8246199740826607, 4.100368395778757, 2.7584369804361994, 0.35149336545119253, 3.6276664073766636, 3.75371331370816, 0.0, 0.38191487904711496, 0.0, 0.0]
------------------------------------------------------
YstatUp
[0.0062932545057894865, 0.02944399918267589, 0.08996020062019085, 0.0064335759053187475, 0.01499313640655523, 0.0790704430112479, 0.022461079095713314, 0.12966353640385525, 0.049458863928267566, 0.2883232203360259, 0.01535109045546995, 0.03738671345044191, 0.12472453019929595, 0.01680289435661678, 0.02154497184894681, 0.08109799415478226, 0.050246025361091844, 0.1298592066377513, 0.07333502664515737, 0.33550033806700763, 0.05801857674337035, 0.07299769043243269, 0.1910791029312302, 0.06836200648511365, 0.0572496155356644, 0.11548807299694511, 0.14998059320493548, 0.15313342352114903, 0.24011451841300932, 0.5944583884562287, 0.1877948811802592, 0.5254740182069233, 0.14222560138734147, 0.26845377379203716, 0.6060503720614842, 0.457718101388769, 1.5295569061643408, 0.5973828462108127, 0.8106286253261418, 5.537827703715196, 0.7293259671519405, 0.7535011036716833, 1.0334875506358172, 5.096710821333495, 1.032450564938902, 1.8294633566915173]
------------------------------------------------------
YstatLow
[0.0062932545057894865, 0.02944399918267589, 0.08996020062019085, 0.0064335759053187475, 0.01499313640655523, 0.0790704430112479, 0.022461079095713314, 0.12966353640385525, 0.049458863928267566, 0.2883232203360259, 0.01535109045546995, 0.03738671345044191, 0.12472453019929595, 0.01680289435661678, 0.02154497184894681, 0.08109799415478226, 0.050246025361091844, 0.1298592066377513, 0.07333502664515737, 0.33550033806700763, 0.05801857674337035, 0.07299769043243269, 0.1910791029312302, 0.06836200648511365, 0.0572496155356644, 0.11548807299694511, 0.14998059320493548, 0.15313342352114903, 0.24011451841300932, 0.5944583884562287, 0.1877948811802592, 0.5254740182069233, 0.14222560138734147, 0.26845377379203716, 0.6060503720614842, 0.457718101388769, 1.5295569061643408, 0.5973828462108127, 0.8106286253261418, 5.537827703715196, 0.7293259671519405, 0.7535011036716833, 1.0334875506358172, 5.096710821333495, 1.032450564938902, 1.8294633566915173]
------------------------------------------------------
YsysUp
[0.30866882485378616, 0.30944152630415217, 0.3382132134697099, 0.30845918515006215, 0.30880100912268604, 0.3141191752441072, 0.3092395419457081, 0.3311500785056776, 0.3155482522483892, 0.4277742410071992, 0.3089682941217211, 0.30956453164719794, 0.3216095456672279, 0.30873210642413523, 0.308870800329589, 0.3134300412090011, 0.3104156785778118, 0.3295440903202409, 0.34224261599112127, 0.39295591616555015, 0.3168290365514148, 0.31457772268758216, 0.36852367494477756, 0.31430275624231996, 0.3107559100518392, 0.3329904299855586, 0.329281266505018, 0.4969755909879199, 0.4624636006933773, 0.9604817737659943, 0.3367438364159596, 0.34754335303423173, 0.472456299414361, 0.3380521626498685, 0.3608746212998081, 0.4268201311805373, 0.36301147927790667, 0.7319944860152512, 0.3366830155386555, 0.3474728598413176, 0.47247194450580426, 0.33806153649834164, 0.3607996126361983, 0.42825491200555404, 0.362924708871708, 0.7319026779483268]
------------------------------------------------------
YsysLow
[0.30866882485378616, 0.30944152630415217, 0.3382132134697099, 0.30845918515006215, 0.30880100912268604, 0.3141191752441072, 0.3092395419457081, 0.3311500785056776, 0.3155482522483892, 0.4277742410071992, 0.3089682941217211, 0.30956453164719794, 0.3216095456672279, 0.30873210642413523, 0.308870800329589, 0.3134300412090011, 0.3104156785778118, 0.3295440903202409, 0.34224261599112127, 0.39295591616555015, 0.3168290365514148, 0.31457772268758216, 0.36852367494477756, 0.31430275624231996, 0.3107559100518392, 0.3329904299855586, 0.329281266505018, 0.4969755909879199, 0.4624636006933773, 0.9604817737659943, 0.3367438364159596, 0.34754335303423173, 0.472456299414361, 0.3380521626498685, 0.3608746212998081, 0.4268201311805373, 0.36301147927790667, 0.7338458096816074, 0.3366830155386555, 0.3474728598413176, 0.47247194450580426, 0.33806153649834164, 0.3607996126361983, 0.42825491200555404, 0.362924708871708, 0.733754233254197]
------------------------------------------------------