 binIndex : nMCGJ( nMCerr)|nMCEBt |nMCECt |Nobs |nEB| pEB(pEBerr) |nEC| pEC(pECerr) | trigW(trigWsysErr,trigWerr) | SF(SFerr) | ZJetsHisto_Rzg | GJetsHisto_Rzg | ZgR(REr1) |f |purity(pErr)| DR(+DRup-DRlow) |Yield
 1 : 47254.254( 0.017)|37659.594 |9586.99 |73404.0 |57913.0| 0.917(0.023) |15491.0| 0.859(0.044) | 0.987(0.01,0.002) | 1.012(0.014) | 25857.6 | 44364.07 | 0.583(0.01) |0.975 |0.905(0.027)| 1.0(+0.0-0.0) |37734.629
 2 : 3302.285( 0.048)|2668.267 |634.024 |3972.0 |3175.0| 0.917(0.023) |797.0| 0.859(0.044) | 0.987(0.01,0.002) | 1.012(0.014) | 1613.928 | 3076.439 | 0.525(0.047) |0.972 |0.905(0.027)| 1.0(+0.0-0.0) |1832.908
 3 : 183.279( 0.198)|153.954 |29.325 |249.0 |210.0| 0.917(0.023) |39.0| 0.859(0.044) | 0.987(0.01,0.002) | 1.012(0.014) | 123.427 | 169.645 | 0.728(0.206) |0.975 |0.908(0.026)| 1.0(+0.0-0.0) |160.346
 4 : 42072.734( 0.017)|34680.953 |7387.694 |62937.0 |51202.0| 0.935(0.017) |11735.0| 0.867(0.033) | 0.988(0.01,0.001) | 1.012(0.014) | 24626.219 | 39792.613 | 0.619(0.009) |0.971 |0.922(0.02)| 1.0(+0.0-0.0) |34877.464
 5 : 8690.698( 0.031)|7213.408 |1477.283 |11632.0 |9732.0| 0.935(0.017) |1900.0| 0.867(0.033) | 0.988(0.01,0.001) | 1.012(0.014) | 5107.887 | 8291.489 | 0.616(0.029) |0.981 |0.924(0.02)| 1.0(+0.0-0.0) |6496.204
 6 : 542.505( 0.119)|483.856 |58.649 |550.0 |482.0| 0.935(0.017) |68.0| 0.867(0.033) | 0.988(0.01,0.001) | 1.012(0.014) | 277.04 | 533.363 | 0.519(0.119) |0.982 |0.927(0.019)| 1.0(+0.0-0.0) |260.109
 7 : 3922.088( 0.045)|3655.037 |267.054 |4810.0 |4350.0| 0.961(0.014) |460.0| 0.833(0.044) | 0.987(0.01,0.002) | 1.012(0.014) | 2483.264 | 3840.362 | 0.647(0.043) |0.986 |0.949(0.017)| 1.0(+0.0-0.0) |2910.535
 8 : 153.954( 0.226)|124.63 |29.325 |196.0 |190.0| 0.961(0.014) |6.0| 0.833(0.044) | 0.987(0.01,0.002) | 1.012(0.014) | 96.925 | 146.014 | 0.664(0.234) |0.989 |0.957(0.015)| 1.0(+0.0-0.0) |123.121
 9 : 659.803( 0.106)|630.479 |29.325 |704.0 |683.0| 0.961(0.014) |21.0| 0.833(0.044) | 0.978(0.01,0.005) | 1.012(0.014) | 500.654 | 644.669 | 0.777(0.108) |1.0 |0.957(0.015)| 1.0(+0.0-0.0) |523.372
 10 : 29.325( 0.494)|29.325 |0.0 |45.0 |45.0| 0.961(0.014) |0.0| 0.833(0.044) | 0.978(0.01,0.005) | 1.012(0.014) | 21.932 | 28.974 | 0.757(0.502) |0.919 |0.961(0.014)| 1.0(+0.0-0.0) |30.079
 11 : 7717.269( 0.026)|6013.55 |1703.762 |12554.0 |9845.0| 0.917(0.023) |2709.0| 0.859(0.044) | 0.987(0.01,0.002) | 1.012(0.014) | 4331.699 | 7186.482 | 0.603(0.023) |0.918 |0.904(0.027)| 1.0(+0.0-0.0) |6282.244
 12 : 2719.517( 0.051)|2045.297 |674.226 |3624.0 |2839.0| 0.917(0.023) |785.0| 0.859(0.044) | 0.987(0.01,0.002) | 1.012(0.014) | 1230.017 | 2516.591 | 0.489(0.051) |0.949 |0.904(0.027)| 1.0(+0.0-0.0) |1520.648
 13 : 219.935( 0.187)|139.292 |80.643 |268.0 |219.0| 0.917(0.023) |49.0| 0.859(0.044) | 0.987(0.01,0.002) | 1.012(0.014) | 110.303 | 220.244 | 0.501(0.182) |0.944 |0.906(0.027)| 1.0(+0.0-0.0) |114.761
 14 : 6431.298( 0.027)|5219.814 |1211.532 |10249.0 |8292.0| 0.935(0.017) |1957.0| 0.867(0.033) | 0.988(0.01,0.001) | 1.012(0.014) | 3701.906 | 6015.851 | 0.615(0.023) |0.92 |0.922(0.02)| 1.0(+0.0-0.0) |5350.613
 15 : 6033.717( 0.036)|4896.361 |1137.328 |8302.0 |6801.0| 0.935(0.017) |1501.0| 0.867(0.033) | 0.988(0.01,0.001) | 1.012(0.014) | 3108.626 | 5722.575 | 0.543(0.034) |0.922 |0.923(0.02)| 1.0(+0.0-0.0) |3836.803
 16 : 520.512( 0.118)|410.544 |109.967 |556.0 |472.0| 0.935(0.017) |84.0| 0.867(0.033) | 0.988(0.01,0.001) | 1.012(0.014) | 259.04 | 489.881 | 0.529(0.122) |0.962 |0.925(0.02)| 1.0(+0.0-0.0) |261.536
 17 : 1229.535( 0.077)|1082.91 |146.623 |1417.0 |1259.0| 0.961(0.014) |158.0| 0.833(0.044) | 0.987(0.01,0.002) | 1.012(0.014) | 657.956 | 1184.619 | 0.555(0.078) |0.957 |0.947(0.017)| 1.0(+0.0-0.0) |713.453
 18 : 153.954( 0.216)|139.292 |14.662 |199.0 |180.0| 0.961(0.014) |19.0| 0.833(0.044) | 0.987(0.01,0.002) | 1.012(0.014) | 89.972 | 144.87 | 0.621(0.225) |0.959 |0.949(0.017)| 1.0(+0.0-0.0) |112.498
 19 : 175.948( 0.202)|168.617 |7.331 |273.0 |259.0| 0.961(0.014) |14.0| 0.833(0.044) | 0.978(0.01,0.005) | 1.012(0.014) | 151.388 | 166.6 | 0.909(0.209) |0.947 |0.955(0.016)| 1.0(+0.0-0.0) |224.261
 20 : 29.325( 0.494)|29.325 |0.0 |31.0 |30.0| 0.961(0.014) |1.0| 0.833(0.044) | 0.978(0.01,0.005) | 1.012(0.014) | 17.758 | 28.974 | 0.613(0.503) |0.939 |0.957(0.015)| 1.0(+0.0-0.0) |17.07
 21 : 382.643( 0.096)|317.123 |65.52 |777.0 |611.0| 0.917(0.023) |166.0| 0.859(0.044) | 0.987(0.01,0.002) | 1.012(0.014) | 244.931 | 363.961 | 0.673(0.1) |0.88 |0.904(0.027)| 1.0(+0.0-0.0) |416.354
 22 : 486.941( 0.113)|351.848 |135.093 |834.0 |644.0| 0.917(0.023) |190.0| 0.859(0.044) | 0.987(0.01,0.002) | 1.012(0.014) | 241.554 | 446.328 | 0.541(0.118) |0.867 |0.904(0.028)| 1.0(+0.0-0.0) |353.617
 23 : 58.649( 0.35)|29.325 |29.325 |101.0 |82.0| 0.917(0.023) |19.0| 0.859(0.044) | 0.987(0.01,0.002) | 1.012(0.014) | 35.0 | 48.917 | 0.716(0.38) |0.956 |0.906(0.027)| 1.0(+0.0-0.0) |62.608
 24 : 302.835( 0.102)|232.289 |70.545 |507.0 |392.0| 0.935(0.017) |115.0| 0.867(0.033) | 0.987(0.01,0.001) | 1.012(0.014) | 180.082 | 292.675 | 0.615(0.106) |0.871 |0.92(0.021)| 1.0(+0.0-0.0) |249.932
 25 : 1016.037( 0.081)|799.681 |216.356 |1597.0 |1286.0| 0.935(0.017) |311.0| 0.867(0.033) | 0.988(0.01,0.001) | 1.012(0.014) | 479.323 | 958.122 | 0.5(0.083) |0.894 |0.922(0.02)| 1.0(+0.0-0.0) |658.65
 26 : 146.623( 0.221)|109.967 |36.656 |218.0 |179.0| 0.935(0.017) |39.0| 0.867(0.033) | 0.988(0.01,0.001) | 1.012(0.014) | 81.61 | 137.626 | 0.593(0.231) |0.904 |0.923(0.02)| 1.0(+0.0-0.0) |107.899
 27 : 124.63( 0.254)|102.636 |21.993 |176.0 |154.0| 0.961(0.014) |22.0| 0.833(0.044) | 0.987(0.01,0.002) | 1.012(0.014) | 64.188 | 123.139 | 0.521(0.257) |0.889 |0.945(0.018)| 1.0(+0.0-0.0) |77.047
 28 : 36.656( 0.442)|36.656 |0.0 |74.0 |68.0| 0.961(0.014) |6.0| 0.833(0.044) | 0.987(0.01,0.002) | 1.012(0.014) | 26.3 | 28.974 | 0.908(0.502) |0.907 |0.951(0.016)| 1.0(+0.0-0.0) |57.909
 29 : 21.993( 0.571)|21.993 |0.0 |33.0 |32.0| 0.961(0.014) |1.0| 0.833(0.044) | 0.979(0.01,0.006) | 1.012(0.014) | 16.433 | 21.73 | 0.756(0.579) |0.89 |0.957(0.015)| 1.0(+0.0-0.0) |21.249
 30 : 7.331( 1.711)|7.331 |0.0 |15.0 |15.0| 0.961(0.014) |0.0| 0.833(0.044) | 0.978(0.01,0.005) | 1.012(0.014) | 4.768 | 7.243 | 0.658(1.735) |0.941 |0.961(0.014)| 1.0(+0.0-0.0) |8.929
 31 : 46.706( 0.363)|24.713 |21.993 |74.0 |53.0| 0.917(0.023) |21.0| 0.859(0.044) | 0.987(0.01,0.002) | 1.012(0.014) | 19.537 | 39.01 | 0.501(0.395) |0.922 |0.9(0.029)| 1.0(+0.0-0.0) |30.758
 32 : 7.331( 0.988)|7.331 |0.0 |24.0 |14.0| 0.917(0.023) |10.0| 0.859(0.044) | 0.987(0.01,0.002) | 1.012(0.014) | 5.778 | 7.243 | 0.798(1.003) |0.948 |0.893(0.032)| 1.0(+0.0-0.0) |16.195
 33 : 98.437( 0.246)|66.6 |31.837 |133.0 |98.0| 0.935(0.017) |35.0| 0.867(0.033) | 0.987(0.01,0.001) | 1.012(0.014) | 33.264 | 97.26 | 0.342(0.252) |0.816 |0.917(0.021)| 1.0(+0.0-0.0) |34.065
 34 : 14.662( 0.699)|14.662 |0.0 |45.0 |33.0| 0.935(0.017) |12.0| 0.867(0.033) | 0.988(0.01,0.001) | 1.012(0.014) | 13.433 | 14.487 | 0.927(0.709) |1.0 |0.917(0.021)| 1.0(+0.0-0.0) |38.261
 35 : 0.0( 1.67)|0.0 |0.0 |16.0 |14.0| 0.961(0.014) |2.0| 0.833(0.044) | 0.987(0.01,0.002) | 1.012(0.014) | 3.937 | 0.0 | 0.521(1.0) |0.0 |0.945(0.018)| 1.0(+0.0-0.0) |0.0
 36 : 0.0( 1.67)|0.0 |0.0 |11.0 |10.0| 0.961(0.014) |1.0| 0.833(0.044) | 0.987(0.01,0.002) | 1.012(0.014) | 4.733 | 0.0 | 0.908(1.0) |1.0 |0.949(0.017)| 1.0(+0.0-0.0) |9.48
 37 : 0.0( 1.67)|0.0 |0.0 |7.0 |7.0| 0.961(0.014) |0.0| 0.833(0.044) | 0.979(0.01,0.005) | 1.012(0.014) | 1.133 | 0.0 | 0.756(1.0) |1.0 |0.961(0.014)| 1.0(+0.0-0.0) |5.088
 38 : 0.0( 1.67)|0.0 |0.0 |1.0 |1.0| 0.961(0.014) |0.0| 0.833(0.044) | 0.979(0.01,0.006) | 1.012(0.014) | 0.837 | 0.0 | 0.658(1.0) |0.941 |0.961(0.014)| 1.0(+0.0-0.0) |0.595
 39 : 7.331( 0.988)|7.331 |0.0 |7.0 |4.0| 0.917(0.023) |3.0| 0.859(0.044) | 0.987(0.01,0.002) | 1.012(0.014) | 1.544 | 7.243 | 0.213(1.029) |0.922 |0.892(0.032)| 1.0(+0.0-0.0) |1.227
 40 : 0.0( 1.67)|0.0 |0.0 |5.0 |4.0| 0.917(0.023) |1.0| 0.859(0.044) | 0.987(0.01,0.002) | 1.012(0.014) | 0.324 | 0.0 | 0.798(1.0) |0.948 |0.905(0.027)| 1.0(+0.0-0.0) |3.421
 41 : 5.025( 0.699)|5.025 |0.0 |6.0 |5.0| 0.935(0.017) |1.0| 0.867(0.033) | 0.988(0.01,0.001) | 1.012(0.014) | 2.978 | 4.965 | 0.6(0.731) |0.816 |0.924(0.02)| 1.0(+0.0-0.0) |2.715
 42 : 7.331( 0.988)|7.331 |0.0 |8.0 |5.0| 0.935(0.017) |3.0| 0.867(0.033) | 0.987(0.01,0.001) | 1.012(0.014) | 1.261 | 7.243 | 0.174(1.016) |1.0 |0.91(0.023)| 1.0(+0.0-0.0) |1.267
 43 : 0.0( 1.67)|0.0 |0.0 |0.0 |0.0| 0.961(0.014) |0.0| 0.833(0.044) | 0.986(0.01,0.002) | 1.012(0.014) | 0.174 | 0.0 | 0.0(1.0) |0.0 |1.0(0.0)| 1.0(+0.0-0.0) |0.0
 44 : 0.0( 1.67)|0.0 |0.0 |1.0 |0.0| 0.961(0.014) |1.0| 0.833(0.044) | 0.987(0.01,0.002) | 1.012(0.014) | 0.426 | 0.0 | 0.0(1.0) |1.0 |0.833(0.044)| 1.0(+0.0-0.0) |0.0
 45 : 0.0( 1.67)|0.0 |0.0 |0.0 |0.0| 0.961(0.014) |0.0| 0.833(0.044) | 0.978(0.01,0.005) | 1.012(0.014) | 0.0 | 0.0 | 0.0(1.0) |1.0 |1.0(0.0)| 1.0(+0.0-0.0) |0.0
 46 : 0.0( 1.67)|0.0 |0.0 |1.0 |1.0| 0.961(0.014) |0.0| 0.833(0.044) | 0.978(0.01,0.005) | 1.012(0.014) | 0.044 | 0.0 | 0.0(1.0) |0.969 |0.961(0.014)| 1.0(+0.0-0.0) |0.0

binIndex
[1, 2, 3, 4, 5, 6, 7, 8, 9, 10, 11, 12, 13, 14, 15, 16, 17, 18, 19, 20, 21, 22, 23, 24, 25, 26, 27, 28, 29, 30, 31, 32, 33, 34, 35, 36, 37, 38, 39, 40, 41, 42, 43, 44, 45, 46]
------------------------------------------------------
nMCGJ
[47254.254475003, 3302.284763522134, 183.27883809616773, 42072.73395945336, 8690.697719625423, 542.5049703535406, 3922.0878607983404, 153.9542067040859, 659.8032488262251, 29.32461401816945, 7717.26888195231, 2719.517349593585, 219.93462733627004, 6431.297660957085, 6033.717312114328, 520.5115431399123, 1229.5345761458416, 153.9542067040859, 175.94768024814726, 29.32461401816945, 382.6432010178476, 486.9413761846041, 58.6492280363389, 302.8348603454258, 1016.0365895431639, 146.62304885606542, 124.62958303374289, 36.655766074885776, 21.993460031018408, 7.331153504542362, 46.706103369208094, 7.331153504542362, 98.43735994209966, 14.662307009084724, 0.0, 0.0, 0.0, 0.0, 7.331153504542362, 0.0, 5.025167681943802, 7.331153504542362, 0.0, 0.0, 0.0, 0.0]
------------------------------------------------------
nMCerr
[0.01713929495222946, 0.04777790289258667, 0.19812732746983025, 0.016874197922282314, 0.031193809325034474, 0.11878880859554855, 0.04483887251063973, 0.22609661296863265, 0.10627061941624878, 0.494228378252941, 0.025878462502952327, 0.051167975507449295, 0.18685730725185623, 0.026557782906626453, 0.03615759526420987, 0.11813172544026106, 0.07737654723096454, 0.2160841343621177, 0.2021916950862883, 0.494228378252941, 0.09638103303311754, 0.11341851943606396, 0.3496191696893261, 0.10202850191924198, 0.08079634970268094, 0.22139715968984844, 0.2537446511846593, 0.44209778881098116, 0.5706257864740293, 1.7113972254005367, 0.3629945089217943, 0.9881449520228307, 0.24639941783763505, 0.6987974971213684, 1.6700615071780964, 1.6700615071780964, 1.6700615071780964, 1.6700615071780964, 0.9881449520228307, 1.6700615071780964, 0.6987974971213684, 0.9881449520228307, 1.6700615071780964, 1.6700615071780964, 1.6700615071780964, 1.6700615071780964]
------------------------------------------------------
nMCEBt
[37659.59391580651, 2668.266501002757, 153.9542067040859, 34680.95280155723, 7213.408249355931, 483.8558311171984, 3655.0367737255747, 124.62958303374289, 630.4786792080539, 29.32461401816945, 6013.550354119462, 2045.2971201578116, 139.29189100804496, 5219.8139157199, 4896.36127137905, 410.54440707177065, 1082.9104925767713, 139.29189100804496, 168.6165224001268, 29.32461401816945, 317.12264082066787, 351.8484432110897, 29.32461401816945, 232.2894403706386, 799.6813742471647, 109.96728278117965, 102.63613265489803, 36.655766074885776, 21.993460031018408, 7.331153504542362, 24.712643338189682, 7.331153504542362, 66.6001751133926, 14.662307009084724, 0.0, 0.0, 0.0, 0.0, 7.331153504542362, 0.0, 5.025167681943802, 7.331153504542362, 0.0, 0.0, 0.0, 0.0]
------------------------------------------------------
nMCECt
[9586.989722056804, 634.0242545887186, 29.32461401816945, 7387.694195961773, 1477.2825515914888, 58.6492280363389, 267.05392867265954, 29.32461401816945, 29.32461401816945, 0.0, 1703.7623873094717, 674.2255419920971, 80.64268227605318, 1211.5319288875598, 1137.327995379803, 109.96728278117965, 146.62304885606542, 14.662307009084724, 7.331153504542362, 0.0, 65.52032854501448, 135.0931182952466, 29.32461401816945, 70.54549719217563, 216.3556477133743, 36.655766074885776, 21.993460031018408, 0.0, 0.0, 0.0, 21.993460031018408, 0.0, 31.837198341750025, 0.0, 0.0, 0.0, 0.0, 0.0, 0.0, 0.0, 0.0, 0.0, 0.0, 0.0, 0.0, 0.0]
------------------------------------------------------
Nobs
[73404.0, 3972.0, 249.0, 62937.0, 11632.0, 550.0, 4810.0, 196.0, 704.0, 45.0, 12554.0, 3624.0, 268.0, 10249.0, 8302.0, 556.0, 1417.0, 199.0, 273.0, 31.0, 777.0, 834.0, 101.0, 507.0, 1597.0, 218.0, 176.0, 74.0, 33.0, 15.0, 74.0, 24.0, 133.0, 45.0, 16.0, 11.0, 7.0, 1.0, 7.0, 5.0, 6.0, 8.0, 0.0, 1.0, 0.0, 1.0]
------------------------------------------------------
nEB
[57913.0, 3175.0, 210.0, 51202.0, 9732.0, 482.0, 4350.0, 190.0, 683.0, 45.0, 9845.0, 2839.0, 219.0, 8292.0, 6801.0, 472.0, 1259.0, 180.0, 259.0, 30.0, 611.0, 644.0, 82.0, 392.0, 1286.0, 179.0, 154.0, 68.0, 32.0, 15.0, 53.0, 14.0, 98.0, 33.0, 14.0, 10.0, 7.0, 1.0, 4.0, 4.0, 5.0, 5.0, 0.0, 0.0, 0.0, 1.0]
------------------------------------------------------
pEB
[0.9165495814580001, 0.9165495814580001, 0.9165495814580001, 0.935175461539, 0.935175461539, 0.935175461539, 0.9610830087516667, 0.9610830087516667, 0.9610830087516667, 0.9610830087516667, 0.9165495814580001, 0.9165495814580001, 0.9165495814580001, 0.935175461539, 0.935175461539, 0.935175461539, 0.9610830087516667, 0.9610830087516667, 0.9610830087516667, 0.9610830087516667, 0.9165495814580001, 0.9165495814580001, 0.9165495814580001, 0.935175461539, 0.935175461539, 0.935175461539, 0.9610830087516667, 0.9610830087516667, 0.9610830087516667, 0.9610830087516667, 0.9165495814580001, 0.9165495814580001, 0.935175461539, 0.935175461539, 0.9610830087516667, 0.9610830087516667, 0.9610830087516667, 0.9610830087516667, 0.9165495814580001, 0.9165495814580001, 0.935175461539, 0.935175461539, 0.9610830087516667, 0.9610830087516667, 0.9610830087516667, 0.9610830087516667]
------------------------------------------------------
pEBerr
[0.023228681082514562, 0.023228681082514562, 0.023228681082514562, 0.017476295291264352, 0.017476295291264352, 0.017476295291264352, 0.014360894461406079, 0.014360894461406079, 0.014360894461406079, 0.014360894461406079, 0.023228681082514562, 0.023228681082514562, 0.023228681082514562, 0.017476295291264352, 0.017476295291264352, 0.017476295291264352, 0.014360894461406079, 0.014360894461406079, 0.014360894461406079, 0.014360894461406079, 0.023228681082514562, 0.023228681082514562, 0.023228681082514562, 0.017476295291264352, 0.017476295291264352, 0.017476295291264352, 0.014360894461406079, 0.014360894461406079, 0.014360894461406079, 0.014360894461406079, 0.023228681082514562, 0.023228681082514562, 0.017476295291264352, 0.017476295291264352, 0.014360894461406079, 0.014360894461406079, 0.014360894461406079, 0.014360894461406079, 0.023228681082514562, 0.023228681082514562, 0.017476295291264352, 0.017476295291264352, 0.014360894461406079, 0.014360894461406079, 0.014360894461406079, 0.014360894461406079]
------------------------------------------------------
nEC
[15491.0, 797.0, 39.0, 11735.0, 1900.0, 68.0, 460.0, 6.0, 21.0, 0.0, 2709.0, 785.0, 49.0, 1957.0, 1501.0, 84.0, 158.0, 19.0, 14.0, 1.0, 166.0, 190.0, 19.0, 115.0, 311.0, 39.0, 22.0, 6.0, 1.0, 0.0, 21.0, 10.0, 35.0, 12.0, 2.0, 1.0, 0.0, 0.0, 3.0, 1.0, 1.0, 3.0, 0.0, 1.0, 0.0, 0.0]
------------------------------------------------------
pEC
[0.859453235025, 0.859453235025, 0.859453235025, 0.8668725049456666, 0.8668725049456666, 0.8668725049456666, 0.8334821231056667, 0.8334821231056667, 0.8334821231056667, 0.8334821231056667, 0.859453235025, 0.859453235025, 0.859453235025, 0.8668725049456666, 0.8668725049456666, 0.8668725049456666, 0.8334821231056667, 0.8334821231056667, 0.8334821231056667, 0.8334821231056667, 0.859453235025, 0.859453235025, 0.859453235025, 0.8668725049456666, 0.8668725049456666, 0.8668725049456666, 0.8334821231056667, 0.8334821231056667, 0.8334821231056667, 0.8334821231056667, 0.859453235025, 0.859453235025, 0.8668725049456666, 0.8668725049456666, 0.8334821231056667, 0.8334821231056667, 0.8334821231056667, 0.8334821231056667, 0.859453235025, 0.859453235025, 0.8668725049456666, 0.8668725049456666, 0.8334821231056667, 0.8334821231056667, 0.8334821231056667, 0.8334821231056667]
------------------------------------------------------
pECerr
[0.04385673313674076, 0.04385673313674076, 0.04385673313674076, 0.0333067137596469, 0.0333067137596469, 0.0333067137596469, 0.04424723332787216, 0.04424723332787216, 0.04424723332787216, 0.04424723332787216, 0.04385673313674076, 0.04385673313674076, 0.04385673313674076, 0.0333067137596469, 0.0333067137596469, 0.0333067137596469, 0.04424723332787216, 0.04424723332787216, 0.04424723332787216, 0.04424723332787216, 0.04385673313674076, 0.04385673313674076, 0.04385673313674076, 0.0333067137596469, 0.0333067137596469, 0.0333067137596469, 0.04424723332787216, 0.04424723332787216, 0.04424723332787216, 0.04424723332787216, 0.04385673313674076, 0.04385673313674076, 0.0333067137596469, 0.0333067137596469, 0.04424723332787216, 0.04424723332787216, 0.04424723332787216, 0.04424723332787216, 0.04385673313674076, 0.04385673313674076, 0.0333067137596469, 0.0333067137596469, 0.04424723332787216, 0.04424723332787216, 0.04424723332787216, 0.04424723332787216]
------------------------------------------------------
trigW
[0.9871907904582173, 0.9871757732317329, 0.9873721666679083, 0.9875276350957345, 0.9875488071556755, 0.9876445705056858, 0.9867464424404828, 0.9866582633302683, 0.9784837556438741, 0.9783378899336935, 0.9871736331179162, 0.9871578565218848, 0.9872361824668503, 0.9875185966716759, 0.9875367833813463, 0.987582794056401, 0.986770474963261, 0.9866569261674089, 0.978484410968589, 0.9782327761351988, 0.9871992956971912, 0.9871170799295736, 0.9872482537820119, 0.9874907205572667, 0.9875093937294934, 0.9875536384773165, 0.9868532792852652, 0.9867414444400424, 0.9785843213876538, 0.9783158097436107, 0.9870499775376291, 0.9870099143927843, 0.9874704386799719, 0.9875019012942534, 0.9866309466188958, 0.9868826100536571, 0.9785952180945435, 0.9786455552277472, 0.9870912032703522, 0.9869309165432582, 0.9875745151527175, 0.9874264592949097, 0.9864427261297701, 0.986933478506173, 0.978072890487094, 0.9784304093203241]
------------------------------------------------------
trigWsysErr
[0.01, 0.01, 0.01, 0.01, 0.01, 0.01, 0.01, 0.01, 0.01, 0.01, 0.01, 0.01, 0.01, 0.01, 0.01, 0.01, 0.01, 0.01, 0.01, 0.01, 0.01, 0.01, 0.01, 0.01, 0.01, 0.01, 0.01, 0.01, 0.01, 0.01, 0.01, 0.01, 0.01, 0.01, 0.01, 0.01, 0.01, 0.01, 0.01, 0.01, 0.01, 0.01, 0.01, 0.01, 0.01, 0.01]
------------------------------------------------------
trigWerr
[0.0018102701242121294, 0.0018187552721677439, 0.0017072716239710719, 0.001360219912076747, 0.0013515620349240215, 0.0013053981298660757, 0.0021986449323731626, 0.002108000074088783, 0.005412111224145361, 0.005201188308825471, 0.001818495600847496, 0.0018254913994115243, 0.0017892265182408858, 0.0013623125481549588, 0.0013565231027288227, 0.0013355737579431332, 0.002222821169431596, 0.0021089654827603204, 0.005406852444153865, 0.004971891031353966, 0.0018087690093789625, 0.0018476698784243189, 0.001778804216201851, 0.0013702987388923937, 0.001366992287313257, 0.0013503817100042038, 0.0022961598055086636, 0.0021899335804192294, 0.005538986038551084, 0.005162792815941984, 0.001876725042708843, 0.0018869811062535728, 0.0013834822832447604, 0.001369283503639707, 0.0020893921256248693, 0.002316910428766717, 0.005481984795883596, 0.00555009379414108, 0.0018435641952234277, 0.0019340005488045703, 0.0013612712516798112, 0.0014081099179430651, 0.0018097468889005576, 0.002375090477576947, 0.00457811381313531, 0.005188647611146736]
------------------------------------------------------
SF
[1.0121037535160886, 1.0121037535160886, 1.0121037535160886, 1.0121037535160886, 1.0121037535160886, 1.0121037535160886, 1.0121037535160886, 1.0121037535160886, 1.0121037535160886, 1.0121037535160886, 1.0121037535160886, 1.0121037535160886, 1.0121037535160886, 1.0121037535160886, 1.0121037535160886, 1.0121037535160886, 1.0121037535160886, 1.0121037535160886, 1.0121037535160886, 1.0121037535160886, 1.0121037535160886, 1.0121037535160886, 1.0121037535160886, 1.0121037535160886, 1.0121037535160886, 1.0121037535160886, 1.0121037535160886, 1.0121037535160886, 1.0121037535160886, 1.0121037535160886, 1.0121037535160886, 1.0121037535160886, 1.0121037535160886, 1.0121037535160886, 1.0121037535160886, 1.0121037535160886, 1.0121037535160886, 1.0121037535160886, 1.0121037535160886, 1.0121037535160886, 1.0121037535160886, 1.0121037535160886, 1.0121037535160886, 1.0121037535160886, 1.0121037535160886, 1.0121037535160886]
------------------------------------------------------
SFerr
[0.014333100082516856, 0.014333100082516856, 0.014333100082516856, 0.014333100082516856, 0.014333100082516856, 0.014333100082516856, 0.014333100082516856, 0.014333100082516856, 0.014333100082516856, 0.014333100082516856, 0.014333100082516856, 0.014333100082516856, 0.014333100082516856, 0.014333100082516856, 0.014333100082516856, 0.014333100082516856, 0.014333100082516856, 0.014333100082516856, 0.014333100082516856, 0.014333100082516856, 0.014333100082516856, 0.014333100082516856, 0.014333100082516856, 0.014333100082516856, 0.014333100082516856, 0.014333100082516856, 0.014333100082516856, 0.014333100082516856, 0.014333100082516856, 0.014333100082516856, 0.014333100082516856, 0.014333100082516856, 0.014333100082516856, 0.014333100082516856, 0.014333100082516856, 0.014333100082516856, 0.014333100082516856, 0.014333100082516856, 0.014333100082516856, 0.014333100082516856, 0.014333100082516856, 0.014333100082516856, 0.014333100082516856, 0.014333100082516856, 0.014333100082516856, 0.014333100082516856]
------------------------------------------------------
ZJetsHisto_Rzg
[25857.599609375, 1613.9283447265625, 123.42713928222656, 24626.21875, 5107.88671875, 277.0404968261719, 2483.263671875, 96.92532348632812, 500.65380859375, 21.932146072387695, 4331.69921875, 1230.01708984375, 110.302734375, 3701.90576171875, 3108.6259765625, 259.04034423828125, 657.9558715820312, 89.97216796875, 151.38760375976562, 17.757980346679688, 244.9306182861328, 241.5539093017578, 35.0003776550293, 180.0821533203125, 479.32257080078125, 81.61016082763672, 64.18836975097656, 26.29991912841797, 16.433225631713867, 4.768030643463135, 19.53666114807129, 5.7782087326049805, 33.264488220214844, 13.432941436767578, 3.937242031097412, 4.733423233032227, 1.1333026885986328, 0.8368093371391296, 1.5443114042282104, 0.32373952865600586, 2.9784626960754395, 1.2610350847244263, 0.17395861446857452, 0.42594966292381287, 0.0, 0.04404899850487709]
------------------------------------------------------
GJetsHisto_Rzg
[44364.0703125, 3076.439208984375, 169.64498901367188, 39792.61328125, 8291.4892578125, 533.3628540039062, 3840.36181640625, 146.01434326171875, 644.669189453125, 28.973920822143555, 7186.482421875, 2516.590576171875, 220.24383544921875, 6015.8505859375, 5722.57470703125, 489.8811950683594, 1184.618896484375, 144.8695831298828, 166.60003662109375, 28.973920822143555, 363.96124267578125, 446.3280029296875, 48.917236328125, 292.6748962402344, 958.12158203125, 137.6260986328125, 123.1391372680664, 28.973920822143555, 21.730440139770508, 7.243480205535889, 39.00960159301758, 7.243480205535889, 97.26014709472656, 14.486960411071777, 0.0, 0.0, 0.0, 0.0, 7.243480205535889, 0.0, 4.965071678161621, 7.243480205535889, 0.0, 0.0, 0.0, 0.0]
------------------------------------------------------
ZgR
[0.5828500390052795, 0.5246092081069946, 0.727561354637146, 0.6188640594482422, 0.6160396933555603, 0.519422173500061, 0.6466223001480103, 0.6638068556785583, 0.7766057848930359, 0.7569616436958313, 0.6027565598487854, 0.48876330256462097, 0.5008209943771362, 0.6153586506843567, 0.5432215332984924, 0.5287819504737854, 0.5554156303405762, 0.621056318283081, 0.9086889028549194, 0.6128953099250793, 0.6729579567909241, 0.5412026643753052, 0.7155019640922546, 0.6152975559234619, 0.5002732276916504, 0.5929846167564392, 0.5212669968605042, 0.907710075378418, 0.7562307119369507, 0.6582513451576233, 0.5008167028427124, 0.7977116703987122, 0.3420155942440033, 0.9272435903549194, 0.5212669968605042, 0.907710075378418, 0.7562307119369507, 0.6582513451576233, 0.21320019662380219, 0.7977116703987122, 0.5998831391334534, 0.17409242689609528, 0.0, 0.0, 0.0, 0.0]
------------------------------------------------------
REr1
[0.00995062751864792, 0.04741208936333468, 0.20642587285800082, 0.009334475641713413, 0.0285117755452577, 0.11872008610799524, 0.04327098690903912, 0.23379048866994243, 0.10752326650852512, 0.5022097556722503, 0.022856332459806526, 0.05118844908285803, 0.18174878448448686, 0.02340253995715026, 0.034292522932221514, 0.12189736439025542, 0.07808390413930691, 0.2246832187189238, 0.20913060306707248, 0.502732860311127, 0.10030721418434822, 0.11812498852078059, 0.38042505533371446, 0.10563839031073691, 0.08259127774059564, 0.23052863810116295, 0.2572827596689691, 0.5015959523326888, 0.5793716380904166, 1.7349598066448542, 0.3952534945913138, 1.0034877110921097, 0.2519329977690761, 0.7092188095174324, 1.0, 1.0, 1.0, 1.0, 1.0292463664472173, 1.0, 0.7311658760154309, 1.0156443662877297, 1.0, 1.0, 1.0, 1.0]
------------------------------------------------------
f
[0.975112897871, 0.971856995714, 0.97519547244, 0.970745756794, 0.981105772917, 0.982469521506, 0.986201629019, 0.988649390804, 1.0, 0.918782949397, 0.91814734383, 0.949480700752, 0.943617397652, 0.920025833261, 0.921912677839, 0.961845250443, 0.957401671871, 0.959269692506, 0.947071650974, 0.938824483739, 0.88047422995, 0.867080458486, 0.956451281209, 0.871146264458, 0.894274572612, 0.904353259512, 0.888570145, 0.906793867755, 0.889527908767, 0.940970713413, 0.921816924048, 0.947540401735, 0.816488165414, 1.0, 0.0, 1.0, 1.0, 0.940970713413, 0.921816924048, 0.947540401735, 0.816488165414, 1.0, 0.0, 1.0, 1.0, 0.968971466077]
------------------------------------------------------
purity
[0.9045001086418919, 0.9050929379265044, 0.9076067802094578, 0.9224399451396996, 0.9240186856167739, 0.9267307323601879, 0.9488800134508019, 0.957176859191075, 0.9572767323332492, 0.9610830087516666, 0.9042288866605652, 0.9041818574100131, 0.9061103240877875, 0.9221333222031473, 0.9228263001505884, 0.9248563098234603, 0.9468551047770245, 0.9489000096196366, 0.9545393735903335, 0.956966851150183, 0.9043513916151713, 0.9035420205200264, 0.9058086846042674, 0.919682680457672, 0.9218741343627153, 0.9229561252677156, 0.9451328980459167, 0.9507369909965857, 0.9572163152472425, 0.9610830087516667, 0.9003465642270135, 0.8927594371109168, 0.9172009992775966, 0.9169613397807778, 0.9451328980459168, 0.949482928238394, 0.9610830087516667, 0.9610830087516667, 0.8920797187010001, 0.9051303121714002, 0.9237916354401111, 0.9095618528164999, 1.0, 0.8334821231056667, 1.0, 0.9610830087516667]
------------------------------------------------------
pErr
[0.02736516722100535, 0.027159077674761733, 0.026288163753175536, 0.02025016832601311, 0.019902157213174055, 0.019307092668505707, 0.01687145363424217, 0.015157552594519334, 0.01513710250391655, 0.01436089446140608, 0.027459544183988476, 0.027475914686331076, 0.026806024854699535, 0.020317897229511217, 0.020164891759112857, 0.019717997162679926, 0.01729430411921093, 0.016867286943562182, 0.015699154615020677, 0.015200567904314092, 0.027416909192618515, 0.027698806052572696, 0.026910616921118825, 0.020860834089172237, 0.02037518349357843, 0.020136252688071943, 0.017655368871007493, 0.016485254604841685, 0.015149473036450768, 0.014360894461406079, 0.02881670598297122, 0.03150304804955629, 0.0214136043672447, 0.021467144608221227, 0.017655368871007493, 0.016745898726688694, 0.014360894461406079, 0.014360894461406079, 0.03174594330468679, 0.027146094041039275, 0.019952133995138135, 0.023134083077849935, 0.0, 0.04424723332787216, 0.0, 0.014360894461406079]
------------------------------------------------------
DR
[1.0, 1.0, 1.0, 1.0, 1.0, 1.0, 1.0, 1.0, 1.0, 1.0, 1.0, 1.0, 1.0, 1.0, 1.0, 1.0, 1.0, 1.0, 1.0, 1.0, 1.0, 1.0, 1.0, 1.0, 1.0, 1.0, 1.0, 1.0, 1.0, 1.0, 1.0, 1.0, 1.0, 1.0, 1.0, 1.0, 1.0, 1.0, 1.0, 1.0, 1.0, 1.0, 1.0, 1.0, 1.0, 1.0]
------------------------------------------------------
DRup
[0.0, 0.0, 0.0, 0.0, 0.0, 0.0, 0.0, 0.0, 0.0, 0.0, 0.0, 0.0, 0.0, 0.0, 0.0, 0.0, 0.0, 0.0, 0.0, 0.0, 0.0, 0.0, 0.0, 0.0, 0.0, 0.0, 0.0, 0.0, 0.0, 0.0, 0.0, 0.0, 0.0, 0.0, 0.0, 0.0, 0.0, 0.0, 0.0, 0.0, 0.0, 0.0, 0.0, 0.0, 0.0, 0.0]
------------------------------------------------------
DRlow
[0.0, 0.0, 0.0, 0.0, 0.0, 0.0, 0.0, 0.0, 0.0, 0.0, 0.0, 0.0, 0.0, 0.0, 0.0, 0.0, 0.0, 0.0, 0.0, 0.0, 0.0, 0.0, 0.0, 0.0, 0.0, 0.0, 0.0, 0.0, 0.0, 0.0, 0.0, 0.0, 0.0, 0.0, 0.0, 0.0, 0.0, 0.0, 0.0, 0.0, 0.0, 0.0, 0.0, 0.0, 0.0, 0.0]
------------------------------------------------------
Yield
[37734.62867370118, 1832.9081001506504, 160.3460913491111, 34877.464200601826, 6496.204295615307, 260.10926776459166, 2910.534617570213, 123.12104653818784, 523.3723602437465, 30.07877976796239, 6282.244415950663, 1520.6480518508677, 114.76100381884399, 5350.613012109561, 3836.802607875576, 261.53564197009865, 713.4534692135271, 112.49811234694552, 224.26141370711514, 17.069833823411834, 416.3540675471053, 353.61748420862307, 62.608246079641454, 249.93221372986943, 658.6499913703003, 107.89941379807892, 77.04731249622965, 57.90923688551295, 21.248971872319323, 8.929353582105827, 30.75848306615152, 16.19531404515812, 34.06527997339499, 38.26109362117435, 0.0, 9.48040742397973, 5.087603415571457, 0.5952902388070551, 1.2272526654956877, 3.420777257207767, 2.7148249111977485, 1.266782642951468, 0.0, 0.0, 0.0, 0.0]
------------------------------------------------------