 binIndex : nMCGJ( nMCerr)|nMCEBt |nMCECt |Nobs |nEB| pEB(pEBerr) |nEC| pEC(pECerr) | trigW(trigWsysErr,trigWerr) | SF(SFerr) |ZgR(REr1) |f(fsysErr,+ferrUp-ferrDn) |purity(pErr)| DR(+DRup-DRlow)| Yield(+YstatUp-YstatLow,+YsysUp-YsysLow)
 1 : 36546.645( 0.067)|28360.169 |8187.222 |58890.0 |44659.0| 0.961(0.018) |14231.0| 0.923(0.048) | 1.0(0.02,0.013) | 0.974(0.067) |0.465(1.0) |0.969(0.3,+0.002-0.002) |0.952(0.025)| 1.0(+0.0-0.0)| 25964.703(+1.0-1.0,+1.0-1.0)
 2 : 2727.941( 0.067)|2118.087 |609.862 |3361.0 |2602.0| 0.961(0.018) |759.0| 0.923(0.048) | 1.0(0.02,0.013) | 0.974(0.067) |0.028(1.0) |0.973(0.3,+0.004-0.004) |0.953(0.024)| 1.0(+0.0-0.0)| 89.109(+1.0-1.0,+1.0-1.0)
 3 : 199.004( 0.072)|159.777 |39.226 |201.0 |167.0| 0.961(0.018) |34.0| 0.923(0.048) | 1.0(0.02,0.013) | 0.974(0.067) |0.0(1.0) |0.979(0.3,+0.005-0.005) |0.955(0.023)| 1.0(+0.0-0.0)| 0.0(+1.0-1.0,+1.0-1.0)
 4 : 35004.274( 0.067)|28116.676 |6888.345 |49765.0 |39357.0| 0.966(0.016) |10408.0| 0.93(0.03) | 1.0(0.02,0.013) | 0.974(0.067) |0.416(1.0) |0.977(0.3,+0.002-0.002) |0.958(0.019)| 1.0(+0.0-0.0)| 19923.142(+1.0-1.0,+1.0-1.0)
 5 : 7959.98( 0.067)|6546.875 |1413.062 |9566.0 |7836.0| 0.966(0.016) |1730.0| 0.93(0.03) | 1.0(0.02,0.013) | 0.974(0.067) |0.037(1.0) |0.969(0.3,+0.002-0.002) |0.959(0.018)| 1.0(+0.0-0.0)| 339.723(+1.0-1.0,+1.0-1.0)
 6 : 466.651( 0.069)|395.846 |70.805 |412.0 |357.0| 0.966(0.016) |55.0| 0.93(0.03) | 1.0(0.02,0.013) | 0.974(0.067) |0.0(1.0) |0.978(0.3,+0.003-0.003) |0.961(0.018)| 1.0(+0.0-0.0)| 0.0(+1.0-1.0,+1.0-1.0)
 7 : 3686.846( 0.067)|3296.726 |390.119 |3808.0 |3408.0| 0.982(0.008) |400.0| 0.915(0.052) | 1.0(0.02,0.013) | 0.974(0.067) |0.015(1.0) |0.985(0.3,+0.002-0.002) |0.975(0.013)| 1.0(+0.0-0.0)| 57.551(+1.0-1.0,+1.0-1.0)
 8 : 158.82( 0.075)|144.744 |14.076 |137.0 |128.0| 0.982(0.008) |9.0| 0.915(0.052) | 1.0(0.02,0.013) | 0.974(0.067) |0.0(1.0) |0.984(0.3,+0.004-0.004) |0.978(0.011)| 1.0(+0.0-0.0)| 0.0(+1.0-1.0,+1.0-1.0)
 9 : 724.745( 0.069)|697.133 |27.612 |612.0 |583.0| 0.982(0.008) |29.0| 0.915(0.052) | 1.0(0.02,0.013) | 0.974(0.067) |0.0(1.0) |0.989(0.3,+0.002-0.002) |0.979(0.01)| 1.0(+0.0-0.0)| 0.078(+1.0-1.0,+1.0-1.0)
 10 : 32.112( 0.102)|31.211 |0.9 |30.0 |30.0| 0.982(0.008) |0.0| 0.915(0.052) | 1.0(0.02,0.013) | 0.974(0.067) |0.0(1.0) |0.991(0.3,+0.006-0.006) |0.982(0.008)| 1.0(+0.0-0.0)| 0.0(+1.0-1.0,+1.0-1.0)
 11 : 6847.556( 0.067)|5230.516 |1617.042 |9317.0 |6935.0| 0.961(0.018) |2382.0| 0.923(0.048) | 1.0(0.02,0.013) | 0.974(0.067) |0.45(1.0) |0.924(0.3,+0.008-0.008) |0.952(0.025)| 1.0(+0.0-0.0)| 3789.428(+1.0-1.0,+1.0-1.0)
 12 : 2443.661( 0.067)|1856.96 |586.692 |2737.0 |2081.0| 0.961(0.018) |656.0| 0.923(0.048) | 1.0(0.02,0.013) | 0.974(0.067) |0.057(1.0) |0.901(0.3,+0.01-0.01) |0.952(0.025)| 1.0(+0.0-0.0)| 136.96(+1.0-1.0,+1.0-1.0)
 13 : 214.06( 0.072)|170.372 |43.688 |196.0 |160.0| 0.961(0.018) |36.0| 0.923(0.048) | 1.0(0.02,0.012) | 0.974(0.067) |0.0(1.0) |0.945(0.3,+0.008-0.008) |0.954(0.023)| 1.0(+0.0-0.0)| 0.0(+1.0-1.0,+1.0-1.0)
 14 : 6094.132( 0.067)|4840.909 |1253.235 |7599.0 |5925.0| 0.966(0.016) |1674.0| 0.93(0.03) | 1.0(0.02,0.013) | 0.974(0.067) |0.419(1.0) |0.949(0.3,+0.006-0.006) |0.958(0.019)| 1.0(+0.0-0.0)| 2975.922(+1.0-1.0,+1.0-1.0)
 15 : 5814.263( 0.067)|4681.776 |1132.458 |6146.0 |4950.0| 0.966(0.016) |1196.0| 0.93(0.03) | 1.0(0.02,0.012) | 0.974(0.067) |0.048(1.0) |0.928(0.3,+0.005-0.005) |0.959(0.018)| 1.0(+0.0-0.0)| 267.248(+1.0-1.0,+1.0-1.0)
 16 : 517.178( 0.069)|433.339 |83.839 |439.0 |364.0| 0.966(0.016) |75.0| 0.93(0.03) | 1.0(0.02,0.012) | 0.974(0.067) |0.0(1.0) |0.932(0.3,+0.007-0.007) |0.96(0.018)| 1.0(+0.0-0.0)| 0.037(+1.0-1.0,+1.0-1.0)
 17 : 1217.082( 0.068)|1092.847 |124.235 |1068.0 |933.0| 0.982(0.008) |135.0| 0.915(0.052) | 1.0(0.02,0.012) | 0.974(0.067) |0.007(1.0) |0.966(0.3,+0.004-0.004) |0.973(0.013)| 1.0(+0.0-0.0)| 7.109(+1.0-1.0,+1.0-1.0)
 18 : 173.844( 0.074)|157.892 |15.952 |139.0 |124.0| 0.982(0.008) |15.0| 0.915(0.052) | 1.0(0.02,0.011) | 0.974(0.067) |0.0(1.0) |0.952(0.3,+0.008-0.008) |0.975(0.013)| 1.0(+0.0-0.0)| 0.0(+1.0-1.0,+1.0-1.0)
 19 : 279.14( 0.072)|269.51 |9.63 |204.0 |194.0| 0.982(0.008) |10.0| 0.915(0.052) | 1.0(0.02,0.011) | 0.974(0.067) |0.0(1.0) |0.969(0.3,+0.005-0.005) |0.979(0.01)| 1.0(+0.0-0.0)| 0.0(+1.0-1.0,+1.0-1.0)
 20 : 27.975( 0.106)|27.625 |0.351 |25.0 |25.0| 0.982(0.008) |0.0| 0.915(0.052) | 1.0(0.02,0.011) | 0.974(0.067) |0.0(1.0) |0.951(0.3,+0.019-0.019) |0.982(0.008)| 1.0(+0.0-0.0)| 0.0(+1.0-1.0,+1.0-1.0)
 21 : 370.204( 0.076)|283.923 |86.281 |486.0 |348.0| 0.961(0.018) |138.0| 0.923(0.048) | 1.0(0.02,0.013) | 0.974(0.067) |0.517(1.0) |0.907(0.3,+0.038-0.038) |0.95(0.026)| 1.0(+0.0-0.0)| 222.781(+1.0-1.0,+1.0-1.0)
 22 : 525.729( 0.07)|386.51 |139.219 |611.0 |438.0| 0.961(0.018) |173.0| 0.923(0.048) | 1.0(0.02,0.013) | 0.974(0.067) |0.104(1.0) |0.871(0.3,+0.025-0.025) |0.95(0.026)| 1.0(+0.0-0.0)| 54.09(+1.0-1.0,+1.0-1.0)
 23 : 75.078( 0.08)|58.356 |16.722 |78.0 |62.0| 0.961(0.018) |16.0| 0.923(0.048) | 1.0(0.02,0.012) | 0.974(0.067) |0.0(1.0) |0.888(0.3,+0.033-0.033) |0.953(0.024)| 1.0(+0.0-0.0)| 0.0(+1.0-1.0,+1.0-1.0)
 24 : 277.292( 0.078)|217.908 |59.384 |348.0 |245.0| 0.966(0.016) |103.0| 0.93(0.03) | 1.0(0.02,0.013) | 0.974(0.067) |0.453(1.0) |0.973(0.3,+0.016-0.016) |0.955(0.02)| 1.0(+0.0-0.0)| 150.565(+1.0-1.0,+1.0-1.0)
 25 : 1013.007( 0.068)|804.719 |208.288 |1083.0 |847.0| 0.966(0.016) |236.0| 0.93(0.03) | 1.0(0.02,0.012) | 0.974(0.067) |0.078(1.0) |0.893(0.3,+0.014-0.014) |0.958(0.019)| 1.0(+0.0-0.0)| 74.258(+1.0-1.0,+1.0-1.0)
 26 : 181.443( 0.073)|146.219 |35.225 |182.0 |156.0| 0.966(0.016) |26.0| 0.93(0.03) | 1.0(0.02,0.012) | 0.974(0.067) |0.0(1.0) |0.888(0.3,+0.016-0.016) |0.961(0.018)| 1.0(+0.0-0.0)| 0.0(+1.0-1.0,+1.0-1.0)
 27 : 140.828( 0.076)|126.574 |14.254 |121.0 |108.0| 0.982(0.008) |13.0| 0.915(0.052) | 1.0(0.02,0.012) | 0.974(0.067) |0.005(1.0) |0.929(0.3,+0.022-0.022) |0.975(0.013)| 1.0(+0.0-0.0)| 0.525(+1.0-1.0,+1.0-1.0)
 28 : 63.624( 0.085)|56.47 |7.154 |42.0 |40.0| 0.982(0.008) |2.0| 0.915(0.052) | 1.0(0.02,0.012) | 0.974(0.067) |0.0(1.0) |0.872(0.3,+0.03-0.03) |0.979(0.01)| 1.0(+0.0-0.0)| 0.0(+1.0-1.0,+1.0-1.0)
 29 : 43.557( 0.094)|41.594 |1.963 |33.0 |30.0| 0.982(0.008) |3.0| 0.915(0.052) | 1.0(0.02,0.011) | 0.974(0.067) |0.001(1.0) |0.943(0.3,+0.019-0.019) |0.976(0.012)| 1.0(+0.0-0.0)| 0.029(+1.0-1.0,+1.0-1.0)
 30 : 11.282( 0.146)|11.282 |0.0 |11.0 |11.0| 0.982(0.008) |0.0| 0.915(0.052) | 1.0(0.02,0.011) | 0.974(0.067) |0.0(1.0) |0.852(0.3,+0.13-0.13) |0.982(0.008)| 1.0(+0.0-0.0)| 0.0(+1.0-1.0,+1.0-1.0)
 31 : 47.999( 0.096)|33.909 |14.09 |54.0 |42.0| 0.961(0.018) |12.0| 0.923(0.048) | 1.0(0.02,0.013) | 0.974(0.067) |0.517(1.0) |0.922(0.3,+0.047-0.047) |0.953(0.024)| 1.0(+0.0-0.0)| 25.213(+1.0-1.0,+1.0-1.0)
 32 : 15.933( 0.117)|11.64 |4.293 |18.0 |11.0| 0.961(0.018) |7.0| 0.923(0.048) | 1.0(0.02,0.013) | 0.974(0.067) |0.104(1.0) |0.762(0.3,+0.126-0.126) |0.946(0.029)| 1.0(+0.0-0.0)| 1.389(+1.0-1.0,+1.0-1.0)
 33 : 68.065( 0.085)|53.279 |14.786 |89.0 |60.0| 0.966(0.016) |29.0| 0.93(0.03) | 1.0(0.02,0.013) | 0.974(0.067) |0.0(1.0) |0.948(0.3,+0.025-0.025) |0.954(0.02)| 1.0(+0.0-0.0)| 0.0(+1.0-1.0,+1.0-1.0)
 34 : 30.248( 0.098)|24.302 |5.947 |35.0 |29.0| 0.966(0.016) |6.0| 0.93(0.03) | 1.0(0.02,0.013) | 0.974(0.067) |0.453(1.0) |0.862(0.3,+0.036-0.036) |0.96(0.018)| 1.0(+0.0-0.0)| 13.483(+1.0-1.0,+1.0-1.0)
 35 : 10.175( 0.157)|9.216 |0.959 |5.0 |4.0| 0.982(0.008) |1.0| 0.915(0.052) | 1.0(0.02,0.013) | 0.974(0.067) |0.078(1.0) |0.81(0.3,+0.176-0.176) |0.969(0.016)| 1.0(+0.0-0.0)| 0.315(+1.0-1.0,+1.0-1.0)
 36 : 10.515( 0.145)|8.602 |1.912 |3.0 |3.0| 0.982(0.008) |0.0| 0.915(0.052) | 1.0(0.02,0.012) | 0.974(0.067) |0.0(1.0) |0.772(0.3,+0.077-0.077) |0.982(0.008)| 1.0(+0.0-0.0)| 0.0(+1.0-1.0,+1.0-1.0)
 37 : 4.223( 0.22)|3.861 |0.361 |3.0 |3.0| 0.982(0.008) |0.0| 0.915(0.052) | 1.0(0.02,0.012) | 0.974(0.067) |0.005(1.0) |0.838(0.3,+0.124-0.124) |0.982(0.008)| 1.0(+0.0-0.0)| 0.012(+1.0-1.0,+1.0-1.0)
 38 : 0.893( 0.464)|0.893 |0.0 |0.0 |0.0| 0.982(0.008) |0.0| 0.915(0.052) | 1.0(0.02,0.011) | 0.974(0.067) |0.0(1.0) |0.898(0.3,+0.114-0.125) |1.0(0.0)| 1.0(+0.0-0.0)| 0.0(+1.0-1.0,+1.0-1.0)
 39 : 2.171( 0.269)|1.5 |0.67 |0.0 |0.0| 0.961(0.018) |0.0| 0.923(0.048) | 1.0(0.02,0.012) | 0.974(0.067) |0.517(1.0) |0.922(0.3,+0.047-0.047) |1.0(0.0)| 1.0(+0.0-0.0)| 0.0(+1.0-1.0,+1.0-1.0)
 40 : 1.072( 0.372)|0.679 |0.393 |0.0 |0.0| 0.961(0.018) |0.0| 0.923(0.048) | 1.0(0.02,0.011) | 0.974(0.067) |0.104(1.0) |0.762(0.3,+0.126-0.126) |1.0(0.0)| 1.0(+0.0-0.0)| 0.0(+1.0-1.0,+1.0-1.0)
 41 : 3.843( 0.231)|2.261 |1.582 |2.0 |1.0| 0.966(0.016) |1.0| 0.93(0.03) | 1.0(0.02,0.013) | 0.974(0.067) |0.0(1.0) |0.948(0.3,+0.025-0.025) |0.948(0.023)| 1.0(+0.0-0.0)| 0.0(+1.0-1.0,+1.0-1.0)
 42 : 2.805( 0.245)|1.641 |1.164 |3.0 |3.0| 0.966(0.016) |0.0| 0.93(0.03) | 1.0(0.02,0.014) | 0.974(0.067) |0.453(1.0) |0.862(0.3,+0.036-0.036) |0.966(0.016)| 1.0(+0.0-0.0)| 1.163(+1.0-1.0,+1.0-1.0)
 43 : 0.0( 1.671)|0.0 |0.0 |1.0 |1.0| 0.982(0.008) |0.0| 0.915(0.052) | 1.0(0.02,0.014) | 0.974(0.067) |0.078(1.0) |0.81(0.3,+0.176-0.176) |0.982(0.008)| 1.0(+0.0-0.0)| 0.064(+1.0-1.0,+1.0-1.0)
 44 : 1.486( 0.349)|1.32 |0.166 |2.0 |2.0| 0.982(0.008) |0.0| 0.915(0.052) | 1.0(0.02,0.012) | 0.974(0.067) |0.0(1.0) |0.772(0.3,+0.077-0.077) |0.982(0.008)| 1.0(+0.0-0.0)| 0.0(+1.0-1.0,+1.0-1.0)
 45 : 0.361( 0.729)|0.361 |0.0 |0.0 |0.0| 0.982(0.008) |0.0| 0.915(0.052) | 1.0(0.02,0.013) | 0.974(0.067) |0.005(1.0) |0.838(0.3,+0.124-0.124) |1.0(0.0)| 1.0(+0.0-0.0)| 0.0(+1.0-1.0,+1.0-1.0)
 46 : 0.53( 0.597)|0.53 |0.0 |0.0 |0.0| 0.982(0.008) |0.0| 0.915(0.052) | 1.0(0.02,0.011) | 0.974(0.067) |0.0(1.0) |0.898(0.3,+0.114-0.125) |1.0(0.0)| 1.0(+0.0-0.0)| 0.0(+1.0-1.0,+1.0-1.0)

binIndex
[1, 2, 3, 4, 5, 6, 7, 8, 9, 10, 11, 12, 13, 14, 15, 16, 17, 18, 19, 20, 21, 22, 23, 24, 25, 26, 27, 28, 29, 30, 31, 32, 33, 34, 35, 36, 37, 38, 39, 40, 41, 42, 43, 44, 45, 46]
------------------------------------------------------
nMCGJ
[36546.64507755716, 2727.9411684363795, 199.00405647376343, 35004.27380847639, 7959.979602866149, 466.6510894518655, 3686.845919126908, 158.82010413641655, 724.7448200176248, 32.111614791385726, 6847.555800169497, 2443.660800377418, 214.06006654222594, 6094.1318952143765, 5814.263319267842, 517.1779277127334, 1217.0819361913962, 173.84414641912744, 279.14032839602925, 27.975425991714243, 370.2042204195767, 525.7290727225851, 75.078476518541, 277.29204966053345, 1013.0070788322975, 181.4433139429698, 140.82809359635675, 63.623677623278915, 43.55710336614602, 11.28152090694446, 47.99927007425861, 15.932669401262208, 68.0650607344127, 30.248416146589573, 10.175133965082393, 10.514538226637326, 4.222865859560303, 0.8934987181413262, 2.1707957394114787, 1.072026701768312, 3.8430455412719153, 2.805014901973024, 0.0, 1.4861009546361492, 0.36063640892928794, 0.5295068383221816]
------------------------------------------------------
nMCerr
[0.06692871593036634, 0.06724358735981449, 0.07222952939868853, 0.06689891204358228, 0.06696272430950327, 0.06930830999229573, 0.06716487751749203, 0.07465904613034817, 0.06871863389162317, 0.10184190486843221, 0.06739329368142401, 0.06734225846460608, 0.07184382039562393, 0.06735201101713598, 0.06703268544948567, 0.06906137156243913, 0.06788137986641725, 0.07400595832950405, 0.07168060207510278, 0.10597510756001902, 0.07637361675076688, 0.06969664166048414, 0.08034313635732666, 0.07835391591833857, 0.06828460027584464, 0.07306074308310818, 0.0757249658405082, 0.0850611366465652, 0.09367445984098242, 0.1456582852020616, 0.09579523314733022, 0.11739826934616372, 0.08490643917878411, 0.09844213403833023, 0.1568886331384588, 0.14509305254813523, 0.22029765930238057, 0.46421554646027485, 0.26889669186880555, 0.37241016894193074, 0.23060761745889463, 0.24525964859047766, 1.6713350459533973, 0.3489654865971477, 0.7293978077553731, 0.5971383760496781]
------------------------------------------------------
nMCEBt
[28360.169077906106, 2118.0866095607353, 159.77747395803357, 28116.67580160693, 6546.875126144493, 395.84577151390806, 3296.725560215211, 144.7437462681154, 697.1329718828888, 31.211235866625586, 5230.515864648916, 1856.9601878554154, 170.3721507591056, 4840.908654060177, 4681.776106411811, 433.3391712067831, 1092.8468020059763, 157.89226589383026, 269.5102409072226, 27.624660502399013, 283.92319638581455, 386.51019764978145, 58.35645014361581, 217.90836701110456, 804.7193664364158, 146.2186169039652, 126.57375894316246, 56.46955233237288, 41.59398867909218, 11.28152090694446, 33.908803746609145, 11.640158574912915, 53.27910938017781, 24.30155940954022, 9.215897994262262, 8.602483610017833, 3.8614702830307657, 0.8934987181413262, 1.5004557967430652, 0.6789213276512471, 2.2610495852728847, 1.6411243364394228, 0.0, 1.32040791118584, 0.36063640892928794, 0.5295068383221816]
------------------------------------------------------
nMCECt
[8187.222310783101, 609.8615703974259, 39.22648595875615, 6888.345268716327, 1413.0616945548506, 70.80519909860521, 390.1190813886607, 14.076227887759629, 27.611935407385317, 0.9003865263007351, 1617.0415992715123, 586.6923531870221, 43.68782293987638, 1253.2352439287765, 1132.4583348934382, 83.83891991005964, 124.23471824768707, 15.951882382162065, 9.630287101781093, 0.35076664985577727, 86.28125428500708, 139.21874137853234, 16.72199109449248, 59.383883190835775, 208.28789065491006, 35.22489758041151, 14.254386645410891, 7.154134111014211, 1.9631151512700649, 0.0, 14.090451472730432, 4.292506648403316, 14.785959710126841, 5.946856272833133, 0.9592377696579821, 1.9120535721329979, 0.3613959246917016, 0.0, 0.6703400587224684, 0.3931053160900375, 1.5819961881071403, 1.1638905655336016, 0.0, 0.1656930724638231, 0.0, 0.0]
------------------------------------------------------
Nobs
[58890.0, 3361.0, 201.0, 49765.0, 9566.0, 412.0, 3808.0, 137.0, 612.0, 30.0, 9317.0, 2737.0, 196.0, 7599.0, 6146.0, 439.0, 1068.0, 139.0, 204.0, 25.0, 486.0, 611.0, 78.0, 348.0, 1083.0, 182.0, 121.0, 42.0, 33.0, 11.0, 54.0, 18.0, 89.0, 35.0, 5.0, 3.0, 3.0, 0.0, 0.0, 0.0, 2.0, 3.0, 1.0, 2.0, 0.0, 0.0]
------------------------------------------------------
nEB
[44659.0, 2602.0, 167.0, 39357.0, 7836.0, 357.0, 3408.0, 128.0, 583.0, 30.0, 6935.0, 2081.0, 160.0, 5925.0, 4950.0, 364.0, 933.0, 124.0, 194.0, 25.0, 348.0, 438.0, 62.0, 245.0, 847.0, 156.0, 108.0, 40.0, 30.0, 11.0, 42.0, 11.0, 60.0, 29.0, 4.0, 3.0, 3.0, 0.0, 0.0, 0.0, 1.0, 3.0, 1.0, 2.0, 0.0, 0.0]
------------------------------------------------------
pEB
[0.9612409354666666, 0.9612409354666666, 0.9612409354666666, 0.9657104593263334, 0.9657104593263334, 0.9657104593263334, 0.9819289765320001, 0.9819289765320001, 0.9819289765320001, 0.9819289765320001, 0.9612409354666666, 0.9612409354666666, 0.9612409354666666, 0.9657104593263334, 0.9657104593263334, 0.9657104593263334, 0.9819289765320001, 0.9819289765320001, 0.9819289765320001, 0.9819289765320001, 0.9612409354666666, 0.9612409354666666, 0.9612409354666666, 0.9657104593263334, 0.9657104593263334, 0.9657104593263334, 0.9819289765320001, 0.9819289765320001, 0.9819289765320001, 0.9819289765320001, 0.9612409354666666, 0.9612409354666666, 0.9657104593263334, 0.9657104593263334, 0.9819289765320001, 0.9819289765320001, 0.9819289765320001, 0.9819289765320001, 0.9612409354666666, 0.9612409354666666, 0.9657104593263334, 0.9657104593263334, 0.9819289765320001, 0.9819289765320001, 0.9819289765320001, 0.9819289765320001]
------------------------------------------------------
pEBerr
[0.017907750433013472, 0.017907750433013472, 0.017907750433013472, 0.015774517454531272, 0.015774517454531272, 0.015774517454531272, 0.008181634064180276, 0.008181634064180276, 0.008181634064180276, 0.008181634064180276, 0.017907750433013472, 0.017907750433013472, 0.017907750433013472, 0.015774517454531272, 0.015774517454531272, 0.015774517454531272, 0.008181634064180276, 0.008181634064180276, 0.008181634064180276, 0.008181634064180276, 0.017907750433013472, 0.017907750433013472, 0.017907750433013472, 0.015774517454531272, 0.015774517454531272, 0.015774517454531272, 0.008181634064180276, 0.008181634064180276, 0.008181634064180276, 0.008181634064180276, 0.017907750433013472, 0.017907750433013472, 0.015774517454531272, 0.015774517454531272, 0.008181634064180276, 0.008181634064180276, 0.008181634064180276, 0.008181634064180276, 0.017907750433013472, 0.017907750433013472, 0.015774517454531272, 0.015774517454531272, 0.008181634064180276, 0.008181634064180276, 0.008181634064180276, 0.008181634064180276]
------------------------------------------------------
nEC
[14231.0, 759.0, 34.0, 10408.0, 1730.0, 55.0, 400.0, 9.0, 29.0, 0.0, 2382.0, 656.0, 36.0, 1674.0, 1196.0, 75.0, 135.0, 15.0, 10.0, 0.0, 138.0, 173.0, 16.0, 103.0, 236.0, 26.0, 13.0, 2.0, 3.0, 0.0, 12.0, 7.0, 29.0, 6.0, 1.0, 0.0, 0.0, 0.0, 0.0, 0.0, 1.0, 0.0, 0.0, 0.0, 0.0, 0.0]
------------------------------------------------------
pEC
[0.9232578112983333, 0.9232578112983333, 0.9232578112983333, 0.9296478600020001, 0.9296478600020001, 0.9296478600020001, 0.9149493319753333, 0.9149493319753333, 0.9149493319753333, 0.9149493319753333, 0.9232578112983333, 0.9232578112983333, 0.9232578112983333, 0.9296478600020001, 0.9296478600020001, 0.9296478600020001, 0.9149493319753333, 0.9149493319753333, 0.9149493319753333, 0.9149493319753333, 0.9232578112983333, 0.9232578112983333, 0.9232578112983333, 0.9296478600020001, 0.9296478600020001, 0.9296478600020001, 0.9149493319753333, 0.9149493319753333, 0.9149493319753333, 0.9149493319753333, 0.9232578112983333, 0.9232578112983333, 0.9296478600020001, 0.9296478600020001, 0.9149493319753333, 0.9149493319753333, 0.9149493319753333, 0.9149493319753333, 0.9232578112983333, 0.9232578112983333, 0.9296478600020001, 0.9296478600020001, 0.9149493319753333, 0.9149493319753333, 0.9149493319753333, 0.9149493319753333]
------------------------------------------------------
pECerr
[0.04794225565492011, 0.04794225565492011, 0.04794225565492011, 0.029582583875297493, 0.029582583875297493, 0.029582583875297493, 0.05213560787606478, 0.05213560787606478, 0.05213560787606478, 0.05213560787606478, 0.04794225565492011, 0.04794225565492011, 0.04794225565492011, 0.029582583875297493, 0.029582583875297493, 0.029582583875297493, 0.05213560787606478, 0.05213560787606478, 0.05213560787606478, 0.05213560787606478, 0.04794225565492011, 0.04794225565492011, 0.04794225565492011, 0.029582583875297493, 0.029582583875297493, 0.029582583875297493, 0.05213560787606478, 0.05213560787606478, 0.05213560787606478, 0.05213560787606478, 0.04794225565492011, 0.04794225565492011, 0.029582583875297493, 0.029582583875297493, 0.05213560787606478, 0.05213560787606478, 0.05213560787606478, 0.05213560787606478, 0.04794225565492011, 0.04794225565492011, 0.029582583875297493, 0.029582583875297493, 0.05213560787606478, 0.05213560787606478, 0.05213560787606478, 0.05213560787606478]
------------------------------------------------------
trigW
[1.0, 1.0, 1.0, 1.0, 1.0, 1.0, 1.0, 1.0, 1.0, 1.0, 1.0, 1.0, 1.0, 1.0, 1.0, 1.0, 1.0, 1.0, 1.0, 1.0, 1.0, 1.0, 1.0, 1.0, 1.0, 1.0, 1.0, 1.0, 1.0, 1.0, 1.0, 1.0, 1.0, 1.0, 1.0, 1.0, 1.0, 1.0, 1.0, 1.0, 1.0, 1.0, 1.0, 1.0, 1.0, 1.0]
------------------------------------------------------
trigWsysErr
[0.02, 0.02, 0.02, 0.02, 0.02, 0.02, 0.02, 0.02, 0.02, 0.02, 0.02, 0.02, 0.02, 0.02, 0.02, 0.02, 0.02, 0.02, 0.02, 0.02, 0.02, 0.02, 0.02, 0.02, 0.02, 0.02, 0.02, 0.02, 0.02, 0.02, 0.02, 0.02, 0.02, 0.02, 0.02, 0.02, 0.02, 0.02, 0.02, 0.02, 0.02, 0.02, 0.02, 0.02, 0.02, 0.02]
------------------------------------------------------
trigWerr
[0.012520880826558264, 0.012520880826558264, 0.012520880826558264, 0.012520880826558264, 0.012520880826558264, 0.012520880826558264, 0.012520880826558264, 0.012520880826558264, 0.012520880826558264, 0.012520880826558264, 0.01285370440312447, 0.012727643201428147, 0.012276295024875624, 0.01259477737164674, 0.012369434413547984, 0.011992295388349516, 0.011765686134453782, 0.011452302189781024, 0.011306493300653595, 0.0109291, 0.01296526642696147, 0.012837971318962369, 0.012391930612244898, 0.01268357272009475, 0.012478937748128863, 0.012289743507972666, 0.011935823314606742, 0.011788556834532374, 0.0113195068627451, 0.0109291, 0.01319056790123457, 0.013184130932896892, 0.012562802564102565, 0.01328634971264368, 0.012664626131117268, 0.012066857142857143, 0.011784768595041321, 0.011308352380952381, 0.011653127272727274, 0.0109291, 0.012698944444444445, 0.01402632777777778, 0.013524208988764046, 0.01229440857142857, 0.012521960000000002, 0.010929100000000002]
------------------------------------------------------
SF
[0.9735319735212031, 0.9735319735212031, 0.9735319735212031, 0.9735319735212031, 0.9735319735212031, 0.9735319735212031, 0.9735319735212031, 0.9735319735212031, 0.9735319735212031, 0.9735319735212031, 0.9735319735212031, 0.9735319735212031, 0.9735319735212031, 0.9735319735212031, 0.9735319735212031, 0.9735319735212031, 0.9735319735212031, 0.9735319735212031, 0.9735319735212031, 0.9735319735212031, 0.9735319735212031, 0.9735319735212031, 0.9735319735212031, 0.9735319735212031, 0.9735319735212031, 0.9735319735212031, 0.9735319735212031, 0.9735319735212031, 0.9735319735212031, 0.9735319735212031, 0.9735319735212031, 0.9735319735212031, 0.9735319735212031, 0.9735319735212031, 0.9735319735212031, 0.9735319735212031, 0.9735319735212031, 0.9735319735212031, 0.9735319735212031, 0.9735319735212031, 0.9735319735212031, 0.9735319735212031, 0.9735319735212031, 0.9735319735212031, 0.9735319735212031, 0.9735319735212031]
------------------------------------------------------
SFerr
[0.06678948893384838, 0.06678948893384838, 0.06678948893384838, 0.06678948893384838, 0.06678948893384838, 0.06678948893384838, 0.06678948893384838, 0.06678948893384838, 0.06678948893384838, 0.06678948893384838, 0.06678948893384838, 0.06678948893384838, 0.06678948893384838, 0.06678948893384838, 0.06678948893384838, 0.06678948893384838, 0.06678948893384838, 0.06678948893384838, 0.06678948893384838, 0.06678948893384838, 0.06678948893384838, 0.06678948893384838, 0.06678948893384838, 0.06678948893384838, 0.06678948893384838, 0.06678948893384838, 0.06678948893384838, 0.06678948893384838, 0.06678948893384838, 0.06678948893384838, 0.06678948893384838, 0.06678948893384838, 0.06678948893384838, 0.06678948893384838, 0.06678948893384838, 0.06678948893384838, 0.06678948893384838, 0.06678948893384838, 0.06678948893384838, 0.06678948893384838, 0.06678948893384838, 0.06678948893384838, 0.06678948893384838, 0.06678948893384838, 0.06678948893384838, 0.06678948893384838]
------------------------------------------------------
ZgR
[0.46505996584892273, 0.02784104272723198, 0.0, 0.41638681292533875, 0.03721193969249725, 0.0, 0.015319890342652798, 0.0, 0.00012834784865844995, 0.0, 0.4501507878303528, 0.05681096762418747, 0.0, 0.4193679690361023, 0.04755915328860283, 9.262441744795069e-05, 0.006890497636049986, 0.0, 0.0, 0.0, 0.517461359500885, 0.10409415513277054, 0.0, 0.45329731702804565, 0.07808230817317963, 0.0, 0.004666379652917385, 0.0, 0.0009447037591598928, 0.0, 0.517461359500885, 0.10409415513277054, 0.0, 0.45329731702804565, 0.07808230817317963, 0.0, 0.004666379652917385, 0.0, 0.517461359500885, 0.10409415513277054, 0.0, 0.45329731702804565, 0.07808230817317963, 0.0, 0.004666379652917385, 0.0]
------------------------------------------------------
REr1
[1.0, 1.0, 1.0, 1.0, 1.0, 1.0, 1.0, 1.0, 1.0, 1.0, 1.0, 1.0, 1.0, 1.0, 1.0, 1.0, 1.0, 1.0, 1.0, 1.0, 1.0, 1.0, 1.0, 1.0, 1.0, 1.0, 1.0, 1.0, 1.0, 1.0, 1.0, 1.0, 1.0, 1.0, 1.0, 1.0, 1.0, 1.0, 1.0, 1.0, 1.0, 1.0, 1.0, 1.0, 1.0, 1.0]
------------------------------------------------------
f
[0.969432907698, 0.973145158757, 0.979263771362, 0.976889210827, 0.968630268912, 0.977559820541, 0.985131528509, 0.983965826053, 0.989420643321, 0.990962172524, 0.924415581298, 0.900613686123, 0.944646618266, 0.949206308714, 0.928448449434, 0.932263077866, 0.966073435266, 0.95206802902, 0.968901223366, 0.950653869399, 0.907367595812, 0.871073319118, 0.888424582686, 0.972950074516, 0.892513261282, 0.888482999934, 0.929254115212, 0.871710694575, 0.942829884842, 0.851514476336, 0.921928773995, 0.762406001333, 0.948291436198, 0.86223639719, 0.809934607131, 0.772346396222, 0.837954268482, 0.897608048896, 0.921928773995, 0.762406001333, 0.948291436198, 0.86223639719, 0.809934607131, 0.772346396222, 0.837954268482, 0.897608048896]
------------------------------------------------------
fsysErr
[0.3, 0.3, 0.3, 0.3, 0.3, 0.3, 0.3, 0.3, 0.3, 0.3, 0.3, 0.3, 0.3, 0.3, 0.3, 0.3, 0.3, 0.3, 0.3, 0.3, 0.3, 0.3, 0.3, 0.3, 0.3, 0.3, 0.3, 0.3, 0.3, 0.3, 0.3, 0.3, 0.3, 0.3, 0.3, 0.3, 0.3, 0.3, 0.3, 0.3, 0.3, 0.3, 0.3, 0.3, 0.3, 0.3]
------------------------------------------------------
ferrUp
[0.002250200779804311, 0.003972962859578311, 0.0049004880203068635, 0.00167757407817274, 0.002384757431114161, 0.003165890683484979, 0.0020279042173623305, 0.004365766789860662, 0.0015852519632553635, 0.005836579925849714, 0.007787383961985988, 0.009812669869390639, 0.008344398899282767, 0.006063123069459132, 0.004721424548926035, 0.0072158929819024, 0.004291138046921409, 0.007853669233296907, 0.004964086894906463, 0.01885866658054425, 0.038399414046210986, 0.02546383174134997, 0.032584517665053776, 0.01571095890845592, 0.013587914068503917, 0.016126979345428533, 0.02199867618766077, 0.029982614856116467, 0.018523126276620575, 0.13040434315902827, 0.04748179544294971, 0.12551371208357517, 0.02476476642851025, 0.03636481466368751, 0.17565094320631955, 0.07720069804942994, 0.1237737145726204, 0.1140720064062878, 0.04748179544294971, 0.12551371208357517, 0.02476476642851025, 0.03636481466368751, 0.17565094320631955, 0.07720069804942994, 0.1237737145726204, 0.1140720064062878]
------------------------------------------------------
ferrDn
[0.002250200779804311, 0.003972962859578311, 0.0049004880203068635, 0.00167757407817274, 0.002384757431114161, 0.003165890683484979, 0.0020279042173623305, 0.004365766789860662, 0.0015852519632553635, 0.005836579925849714, 0.007787383961985988, 0.009812669869390639, 0.008344398899282767, 0.006063123069459132, 0.004721424548926035, 0.0072158929819024, 0.004291138046921409, 0.007853669233296907, 0.004964086894906463, 0.01885866658054425, 0.038399414046210986, 0.02546383174134997, 0.032584517665053776, 0.01571095890845592, 0.013587914068503917, 0.016126979345428533, 0.02199867618766077, 0.029982614856116467, 0.018523126276620575, 0.13040434315902827, 0.04748179544294971, 0.12551371208357517, 0.02476476642851025, 0.03636481466368751, 0.17565094320631955, 0.07720069804942994, 0.1237737145726204, 0.1254040169854159, 0.04748179544294971, 0.12551371208357517, 0.02476476642851025, 0.03636481466368751, 0.17565094320631955, 0.07720069804942994, 0.1237737145726204, 0.1254040169854159]
------------------------------------------------------
purity
[0.9520621641975283, 0.952663371871378, 0.9548159293884411, 0.9581682201267421, 0.9591885800841112, 0.9608962773776966, 0.9748932995827703, 0.9775288538968907, 0.9787551044860143, 0.9819289765320001, 0.9515301056106001, 0.9521371979970186, 0.9542644432724828, 0.9577661520136693, 0.9586927455626004, 0.959549422995297, 0.9734624484279271, 0.9747009573352375, 0.9786456606223596, 0.9819289765320001, 0.9504556039126953, 0.950486302928006, 0.9534495253808546, 0.9550367589516026, 0.9578519427607354, 0.9605586594228572, 0.9747328163730195, 0.9787394696483492, 0.9758399179359395, 0.9819289765320001, 0.952800241207037, 0.9464697205123147, 0.9539597247150339, 0.9595282994421619, 0.9685330476206667, 0.9819289765320001, 0.9819289765320001, 1.0, 1.0, 1.0, 0.9476791596641667, 0.9657104593263334, 0.9819289765320001, 0.9819289765320001, 1.0, 1.0]
------------------------------------------------------
pErr
[0.024946119415409355, 0.024480956816645156, 0.02282029695798378, 0.018576418892674453, 0.01819478327958637, 0.017557882721214318, 0.012514758446045543, 0.010884269995371879, 0.010128642015802396, 0.008181634064180276, 0.025358270705629113, 0.024888032656249448, 0.023245044850139243, 0.0187270239773051, 0.018380134124333692, 0.01806001487731091, 0.013403653719296232, 0.012634096413158344, 0.010196005466945829, 0.008181634064180276, 0.026192024423874617, 0.026168177531380905, 0.02387358416947941, 0.019752741466626974, 0.018694878207504744, 0.017683620673179287, 0.012614326347952148, 0.010138264443598624, 0.011928118431849894, 0.008181634064180276, 0.024375141172516962, 0.029301384920523827, 0.020159110523825987, 0.018067901355104728, 0.01648608151192411, 0.008181634064180276, 0.008181634064180276, 0.0, 0.0, 0.0, 0.022547189021657307, 0.015774517454531272, 0.008181634064180276, 0.008181634064180276, 0.0, 0.0]
------------------------------------------------------
DR
[1.0, 1.0, 1.0, 1.0, 1.0, 1.0, 1.0, 1.0, 1.0, 1.0, 1.0, 1.0, 1.0, 1.0, 1.0, 1.0, 1.0, 1.0, 1.0, 1.0, 1.0, 1.0, 1.0, 1.0, 1.0, 1.0, 1.0, 1.0, 1.0, 1.0, 1.0, 1.0, 1.0, 1.0, 1.0, 1.0, 1.0, 1.0, 1.0, 1.0, 1.0, 1.0, 1.0, 1.0, 1.0, 1.0]
------------------------------------------------------
DRup
[0.0, 0.0, 0.0, 0.0, 0.0, 0.0, 0.0, 0.0, 0.0, 0.0, 0.0, 0.0, 0.0, 0.0, 0.0, 0.0, 0.0, 0.0, 0.0, 0.0, 0.0, 0.0, 0.0, 0.0, 0.0, 0.0, 0.0, 0.0, 0.0, 0.0, 0.0, 0.0, 0.0, 0.0, 0.0, 0.0, 0.0, 0.0, 0.0, 0.0, 0.0, 0.0, 0.0, 0.0, 0.0, 0.0]
------------------------------------------------------
DRlow
[0.0, 0.0, 0.0, 0.0, 0.0, 0.0, 0.0, 0.0, 0.0, 0.0, 0.0, 0.0, 0.0, 0.0, 0.0, 0.0, 0.0, 0.0, 0.0, 0.0, 0.0, 0.0, 0.0, 0.0, 0.0, 0.0, 0.0, 0.0, 0.0, 0.0, 0.0, 0.0, 0.0, 0.0, 0.0, 0.0, 0.0, 0.0, 0.0, 0.0, 0.0, 0.0, 0.0, 0.0, 0.0, 0.0]
------------------------------------------------------
Yield
[25964.702705249812, 89.10885923929095, 0.0, 19923.142037973023, 339.72264849764827, 0.0, 57.55110690094411, 0.0, 0.07813485371908192, 0.0, 3789.428185913973, 136.9603443128521, 0.0, 2975.9222610783236, 267.2475219094815, 0.037363334091916105, 7.108876420130698, 0.0, 0.0, 0.0, 222.78147555324634, 54.09011561168087, 0.0, 150.56457976915163, 74.25811867094917, 0.0, 0.525333748068276, 0.0, 0.029462614492613365, 0.0, 25.212777642096047, 1.388806245877355, 0.0, 13.482955864758708, 0.3145841430485947, 0.0, 0.01183181849165845, 0.0, 0.0, 0.0, 0.0, 1.1631278924508377, 0.06378704090185792, 0.0, 0.0, 0.0]
------------------------------------------------------
YstatUp
[1.0, 1.0, 1.0, 1.0, 1.0, 1.0, 1.0, 1.0, 1.0, 1.0, 1.0, 1.0, 1.0, 1.0, 1.0, 1.0, 1.0, 1.0, 1.0, 1.0, 1.0, 1.0, 1.0, 1.0, 1.0, 1.0, 1.0, 1.0, 1.0, 1.0, 1.0, 1.0, 1.0, 1.0, 1.0, 1.0, 1.0, 1.0, 1.0, 1.0, 1.0, 1.0, 1.0, 1.0, 1.0, 1.0]
------------------------------------------------------
YstatLow
[1.0, 1.0, 1.0, 1.0, 1.0, 1.0, 1.0, 1.0, 1.0, 1.0, 1.0, 1.0, 1.0, 1.0, 1.0, 1.0, 1.0, 1.0, 1.0, 1.0, 1.0, 1.0, 1.0, 1.0, 1.0, 1.0, 1.0, 1.0, 1.0, 1.0, 1.0, 1.0, 1.0, 1.0, 1.0, 1.0, 1.0, 1.0, 1.0, 1.0, 1.0, 1.0, 1.0, 1.0, 1.0, 1.0]
------------------------------------------------------
YsysUp
[1.0, 1.0, 1.0, 1.0, 1.0, 1.0, 1.0, 1.0, 1.0, 1.0, 1.0, 1.0, 1.0, 1.0, 1.0, 1.0, 1.0, 1.0, 1.0, 1.0, 1.0, 1.0, 1.0, 1.0, 1.0, 1.0, 1.0, 1.0, 1.0, 1.0, 1.0, 1.0, 1.0, 1.0, 1.0, 1.0, 1.0, 1.0, 1.0, 1.0, 1.0, 1.0, 1.0, 1.0, 1.0, 1.0]
------------------------------------------------------
YsysLow
[1.0, 1.0, 1.0, 1.0, 1.0, 1.0, 1.0, 1.0, 1.0, 1.0, 1.0, 1.0, 1.0, 1.0, 1.0, 1.0, 1.0, 1.0, 1.0, 1.0, 1.0, 1.0, 1.0, 1.0, 1.0, 1.0, 1.0, 1.0, 1.0, 1.0, 1.0, 1.0, 1.0, 1.0, 1.0, 1.0, 1.0, 1.0, 1.0, 1.0, 1.0, 1.0, 1.0, 1.0, 1.0, 1.0]
------------------------------------------------------