 binIndex : nMCGJ( nMCerr)|nMCEBt |nMCECt |Nobs |nEB| pEB(pEBerr) |nEC| pEC(pECerr) | trigW(trigWsysErr,trigWerr) | SF(SFerr) |ZgR(REr1) |f(fsysErr,+ferrUp-ferrDn) |purity(pErr)| DR(+DRup-DRlow)| Yield(+YstatUp-YstatLow,+YsysUp-YsysLow)
 1 : 46365.16( 0.068)|37231.3 |9133.816 |70284.0 |55482.0| 0.917(0.023) |14802.0| 0.859(0.044) | 1.0(0.02,0.006) | 0.974(0.067) |0.534(0.01) |0.97(0.3,+0.002-0.002) |0.905(0.027)| 1.0(+0.0-0.0)| 33819.324(+0.008-0.008,+0.309-0.309)
 2 : 3183.887( 0.082)|2594.777 |589.11 |3831.0 |3066.0| 0.917(0.023) |765.0| 0.859(0.044) | 1.0(0.02,0.006) | 0.974(0.067) |0.482(0.047) |0.972(0.3,+0.004-0.004) |0.905(0.027)| 1.0(+0.0-0.0)| 1667.907(+0.037-0.037,+0.313-0.313)
 3 : 179.469( 0.22)|149.064 |30.405 |243.0 |204.0| 0.917(0.023) |39.0| 0.859(0.044) | 1.0(0.02,0.005) | 0.974(0.067) |0.668(0.205) |0.979(0.3,+0.005-0.005) |0.907(0.026)| 1.0(+0.0-0.0)| 148.205(+0.105-0.105,+0.371-0.371)
 4 : 43207.205( 0.067)|35840.131 |7366.956 |60537.0 |49272.0| 0.935(0.017) |11265.0| 0.867(0.033) | 1.0(0.02,0.006) | 0.974(0.067) |0.547(0.009) |0.977(0.3,+0.002-0.002) |0.922(0.02)| 1.0(+0.0-0.0)| 30673.296(+0.008-0.008,+0.309-0.309)
 5 : 9135.55( 0.073)|7598.074 |1537.483 |11132.0 |9318.0| 0.935(0.017) |1814.0| 0.867(0.033) | 1.0(0.02,0.006) | 0.974(0.067) |0.534(0.028) |0.969(0.3,+0.002-0.002) |0.924(0.02)| 1.0(+0.0-0.0)| 5469.058(+0.019-0.019,+0.31-0.31)
 6 : 567.566( 0.141)|509.793 |57.774 |533.0 |471.0| 0.935(0.017) |62.0| 0.867(0.033) | 1.0(0.02,0.005) | 0.974(0.067) |0.472(0.121) |0.977(0.3,+0.003-0.003) |0.927(0.019)| 1.0(+0.0-0.0)| 233.963(+0.099-0.099,+0.332-0.332)
 7 : 4677.679( 0.08)|4359.234 |318.447 |4623.0 |4182.0| 0.961(0.014) |441.0| 0.833(0.044) | 1.0(0.02,0.005) | 0.974(0.067) |0.512(0.044) |0.985(0.3,+0.002-0.002) |0.949(0.017)| 1.0(+0.0-0.0)| 2272.007(+0.03-0.03,+0.312-0.312)
 8 : 187.087( 0.245)|151.096 |35.991 |192.0 |186.0| 0.961(0.014) |6.0| 0.833(0.044) | 1.0(0.02,0.005) | 0.974(0.067) |0.499(0.23) |0.984(0.3,+0.005-0.005) |0.957(0.015)| 1.0(+0.0-0.0)| 92.636(+0.15-0.15,+0.385-0.385)
 9 : 867.592( 0.13)|826.094 |41.498 |678.0 |657.0| 0.961(0.014) |21.0| 0.833(0.044) | 1.0(0.02,0.005) | 0.974(0.067) |0.555(0.109) |0.99(0.3,+0.002-0.002) |0.957(0.015)| 1.0(+0.0-0.0)| 366.203(+0.071-0.071,+0.327-0.327)
 10 : 40.391( 0.518)|40.391 |0.0 |43.0 |43.0| 0.961(0.014) |0.0| 0.833(0.044) | 1.0(0.02,0.005) | 0.974(0.067) |0.522(0.502) |0.993(0.3,+0.005-0.005) |0.961(0.014)| 1.0(+0.0-0.0)| 21.992(+0.308-0.308,+0.589-0.589)
 11 : 7509.894( 0.071)|5899.684 |1610.206 |11658.0 |9142.0| 0.917(0.023) |2516.0| 0.859(0.044) | 1.0(0.02,0.006) | 0.974(0.067) |0.549(0.023) |0.923(0.3,+0.009-0.009) |0.904(0.027)| 1.0(+0.0-0.0)| 5490.363(+0.02-0.02,+0.31-0.31)
 12 : 2630.83( 0.084)|1993.185 |637.644 |3364.0 |2642.0| 0.917(0.023) |722.0| 0.859(0.044) | 1.0(0.02,0.006) | 0.974(0.067) |0.443(0.051) |0.91(0.3,+0.01-0.01) |0.904(0.027)| 1.0(+0.0-0.0)| 1259.576(+0.046-0.046,+0.314-0.314)
 13 : 226.387( 0.201)|141.715 |84.672 |260.0 |212.0| 0.917(0.023) |48.0| 0.859(0.044) | 1.0(0.02,0.006) | 0.974(0.067) |0.467(0.185) |0.949(0.3,+0.008-0.008) |0.906(0.027)| 1.0(+0.0-0.0)| 107.394(+0.15-0.15,+0.361-0.361)
 14 : 6574.381( 0.071)|5364.701 |1209.677 |9561.0 |7751.0| 0.935(0.017) |1810.0| 0.867(0.033) | 1.0(0.02,0.006) | 0.974(0.067) |0.536(0.023) |0.951(0.3,+0.007-0.007) |0.922(0.02)| 1.0(+0.0-0.0)| 4617.358(+0.021-0.021,+0.31-0.31)
 15 : 6270.277( 0.075)|5100.386 |1169.89 |7745.0 |6364.0| 0.935(0.017) |1381.0| 0.867(0.033) | 1.0(0.02,0.006) | 0.974(0.067) |0.472(0.034) |0.926(0.3,+0.005-0.005) |0.923(0.02)| 1.0(+0.0-0.0)| 3210.783(+0.027-0.027,+0.311-0.311)
 16 : 545.521( 0.14)|431.694 |113.827 |526.0 |445.0| 0.935(0.017) |81.0| 0.867(0.033) | 1.0(0.02,0.005) | 0.974(0.067) |0.456(0.121) |0.931(0.3,+0.008-0.008) |0.925(0.02)| 1.0(+0.0-0.0)| 211.994(+0.108-0.108,+0.332-0.332)
 17 : 1446.645( 0.104)|1273.979 |172.666 |1336.0 |1191.0| 0.961(0.014) |145.0| 0.833(0.044) | 1.0(0.02,0.005) | 0.974(0.067) |0.435(0.078) |0.966(0.3,+0.005-0.005) |0.947(0.017)| 1.0(+0.0-0.0)| 546.294(+0.067-0.067,+0.318-0.318)
 18 : 179.946( 0.24)|163.332 |16.614 |182.0 |166.0| 0.961(0.014) |16.0| 0.833(0.044) | 1.0(0.02,0.005) | 0.974(0.067) |0.48(0.225) |0.95(0.3,+0.009-0.009) |0.95(0.017)| 1.0(+0.0-0.0)| 80.926(+0.167-0.167,+0.382-0.382)
 19 : 222.046( 0.226)|211.66 |10.385 |261.0 |248.0| 0.961(0.014) |13.0| 0.833(0.044) | 1.0(0.02,0.005) | 0.974(0.067) |0.653(0.211) |0.969(0.3,+0.005-0.005) |0.955(0.016)| 1.0(+0.0-0.0)| 161.938(+0.1-0.1,+0.374-0.374)
 20 : 40.231( 0.518)|40.231 |0.0 |28.0 |27.0| 0.961(0.014) |1.0| 0.833(0.044) | 1.0(0.02,0.005) | 0.974(0.067) |0.428(0.503) |0.946(0.3,+0.022-0.022) |0.957(0.015)| 1.0(+0.0-0.0)| 11.128(+0.476-0.476,+0.59-0.59)
 21 : 373.288( 0.119)|308.634 |64.653 |690.0 |542.0| 0.917(0.023) |148.0| 0.859(0.044) | 1.0(0.02,0.006) | 0.974(0.067) |0.617(0.098) |0.907(0.3,+0.042-0.042) |0.904(0.027)| 1.0(+0.0-0.0)| 358.365(+0.073-0.073,+0.327-0.327)
 22 : 479.41( 0.136)|354.686 |124.724 |754.0 |575.0| 0.917(0.023) |179.0| 0.859(0.044) | 1.0(0.02,0.006) | 0.974(0.067) |0.474(0.116) |0.873(0.3,+0.03-0.03) |0.903(0.028)| 1.0(+0.0-0.0)| 289.633(+0.095-0.095,+0.332-0.332)
 23 : 55.73( 0.376)|29.133 |26.596 |93.0 |76.0| 0.917(0.023) |17.0| 0.859(0.044) | 1.0(0.02,0.006) | 0.974(0.067) |0.594(0.361) |0.888(0.3,+0.037-0.037) |0.906(0.027)| 1.0(+0.0-0.0)| 45.679(+0.211-0.211,+0.477-0.477)
 24 : 308.908( 0.126)|238.147 |70.761 |461.0 |358.0| 0.935(0.017) |103.0| 0.867(0.033) | 1.0(0.02,0.006) | 0.974(0.067) |0.544(0.106) |0.969(0.3,+0.018-0.018) |0.92(0.021)| 1.0(+0.0-0.0)| 229.655(+0.093-0.093,+0.327-0.327)
 25 : 1037.387( 0.107)|821.006 |216.381 |1436.0 |1161.0| 0.935(0.017) |275.0| 0.867(0.033) | 1.0(0.02,0.006) | 0.974(0.067) |0.436(0.082) |0.899(0.3,+0.015-0.015) |0.922(0.02)| 1.0(+0.0-0.0)| 533.216(+0.071-0.071,+0.32-0.32)
 26 : 148.617( 0.245)|108.093 |40.523 |194.0 |161.0| 0.935(0.017) |33.0| 0.867(0.033) | 1.0(0.02,0.006) | 0.974(0.067) |0.522(0.231) |0.896(0.3,+0.015-0.015) |0.924(0.02)| 1.0(+0.0-0.0)| 86.114(+0.162-0.162,+0.386-0.386)
 27 : 148.909( 0.274)|121.36 |27.549 |157.0 |136.0| 0.961(0.014) |21.0| 0.833(0.044) | 1.0(0.02,0.005) | 0.974(0.067) |0.408(0.26) |0.94(0.3,+0.021-0.021) |0.944(0.018)| 1.0(+0.0-0.0)| 58.438(+0.214-0.214,+0.404-0.404)
 28 : 35.124( 0.518)|35.124 |0.0 |73.0 |67.0| 0.961(0.014) |6.0| 0.833(0.044) | 1.0(0.02,0.005) | 0.974(0.067) |0.715(0.502) |0.878(0.3,+0.031-0.031) |0.951(0.017)| 1.0(+0.0-0.0)| 44.732(+0.191-0.191,+0.59-0.59)
 29 : 24.978( 0.602)|24.978 |0.0 |33.0 |32.0| 0.961(0.014) |1.0| 0.833(0.044) | 1.0(0.02,0.005) | 0.974(0.067) |0.625(0.584) |0.948(0.3,+0.018-0.018) |0.957(0.015)| 1.0(+0.0-0.0)| 19.244(+0.299-0.299,+0.661-0.661)
 30 : 10.098( 1.78)|10.098 |0.0 |15.0 |15.0| 0.961(0.014) |0.0| 0.833(0.044) | 1.0(0.02,0.005) | 0.974(0.067) |0.452(1.735) |0.899(0.3,+0.113-0.122) |0.961(0.014)| 1.0(+0.0-0.0)| 6.017(+0.701-0.701,+1.766-1.766)
 31 : 43.955( 0.386)|24.813 |19.142 |62.0 |43.0| 0.917(0.023) |19.0| 0.859(0.044) | 1.0(0.02,0.006) | 0.974(0.067) |0.617(0.128) |0.969(0.3,+0.032-0.032) |0.899(0.029)| 1.0(+0.0-0.0)| 34.201(+0.23-0.23,+0.336-0.336)
 32 : 6.821( 1.029)|6.821 |0.0 |21.0 |13.0| 0.917(0.023) |8.0| 0.859(0.044) | 1.0(0.02,0.006) | 0.974(0.067) |0.474(0.092) |0.769(0.3,+0.154-0.154) |0.895(0.031)| 1.0(+0.0-0.0)| 7.041(+0.651-0.651,+0.358-0.358)
 33 : 97.959( 0.266)|67.055 |30.904 |112.0 |82.0| 0.935(0.017) |30.0| 0.867(0.033) | 1.0(0.02,0.006) | 0.974(0.067) |0.594(0.395) |0.943(0.3,+0.031-0.031) |0.917(0.021)| 1.0(+0.0-0.0)| 59.103(+0.179-0.179,+0.502-0.502)
 34 : 15.857( 0.73)|15.857 |0.0 |40.0 |31.0| 0.935(0.017) |9.0| 0.867(0.033) | 1.0(0.02,0.006) | 0.974(0.067) |0.544(0.132) |0.865(0.3,+0.043-0.043) |0.92(0.021)| 1.0(+0.0-0.0)| 17.785(+0.356-0.356,+0.339-0.339)
 35 : 0.0( 1.671)|0.0 |0.0 |14.0 |12.0| 0.961(0.014) |2.0| 0.833(0.044) | 1.0(0.02,0.006) | 0.974(0.067) |0.436(0.068) |0.755(0.3,+0.226-0.226) |0.943(0.018)| 1.0(+0.0-0.0)| 4.467(+0.838-0.838,+0.389-0.389)
 36 : 0.0( 1.671)|0.0 |0.0 |11.0 |10.0| 0.961(0.014) |1.0| 0.833(0.044) | 1.0(0.02,0.006) | 0.974(0.067) |0.522(0.295) |0.813(0.3,+0.079-0.079) |0.949(0.017)| 1.0(+0.0-0.0)| 4.554(+0.728-0.728,+0.434-0.434)
 37 : 0.0( 1.671)|0.0 |0.0 |5.0 |5.0| 0.961(0.014) |0.0| 0.833(0.044) | 1.0(0.02,0.005) | 0.974(0.067) |0.408(0.149) |0.944(0.3,+0.059-0.062) |0.961(0.014)| 1.0(+0.0-0.0)| 1.903(+1.467-1.467,+0.347-0.348)
 38 : 0.0( 1.671)|0.0 |0.0 |1.0 |1.0| 0.961(0.014) |0.0| 0.833(0.044) | 1.0(0.02,0.005) | 0.974(0.067) |0.715(0.574) |1.0(0.3,+0.0-0.1) |0.961(0.014)| 1.0(+0.0-0.0)| 0.705(+2.76-2.76,+0.651-0.659)
 39 : 7.421( 1.029)|7.421 |0.0 |7.0 |4.0| 0.917(0.023) |3.0| 0.859(0.044) | 1.0(0.02,0.006) | 0.974(0.067) |0.617(0.128) |0.969(0.3,+0.032-0.032) |0.892(0.032)| 1.0(+0.0-0.0)| 3.831(+0.691-0.691,+0.337-0.337)
 40 : 0.0( 1.671)|0.0 |0.0 |4.0 |3.0| 0.917(0.023) |1.0| 0.859(0.044) | 1.0(0.02,0.006) | 0.974(0.067) |0.474(0.092) |0.769(0.3,+0.154-0.154) |0.902(0.028)| 1.0(+0.0-0.0)| 1.352(+1.479-1.479,+0.357-0.357)
 41 : 4.512( 0.73)|4.512 |0.0 |4.0 |4.0| 0.935(0.017) |0.0| 0.867(0.033) | 1.0(0.02,0.006) | 0.974(0.067) |0.594(0.395) |0.943(0.3,+0.031-0.031) |0.935(0.017)| 1.0(+0.0-0.0)| 2.153(+1.21-1.21,+0.502-0.502)
 42 : 7.732( 1.029)|7.732 |0.0 |7.0 |4.0| 0.935(0.017) |3.0| 0.867(0.033) | 1.0(0.02,0.006) | 0.974(0.067) |0.544(0.132) |0.865(0.3,+0.043-0.043) |0.906(0.024)| 1.0(+0.0-0.0)| 3.065(+0.863-0.863,+0.339-0.339)
 43 : 0.0( 1.671)|0.0 |0.0 |0.0 |0.0| 0.961(0.014) |0.0| 0.833(0.044) | 1.0(0.02,0.006) | 0.974(0.067) |0.436(0.068) |0.755(0.3,+0.226-0.226) |1.0(0.0)| 1.0(+0.0-0.0)| 0.0(+1.03-1.03,+0.388-0.388)
 44 : 0.0( 1.671)|0.0 |0.0 |1.0 |0.0| 0.961(0.014) |1.0| 0.833(0.044) | 1.0(0.02,0.006) | 0.974(0.067) |0.522(0.295) |0.813(0.3,+0.079-0.079) |0.833(0.044)| 1.0(+0.0-0.0)| 0.363(+5.356-5.356,+0.436-0.436)
 45 : 0.0( 1.671)|0.0 |0.0 |0.0 |0.0| 0.961(0.014) |0.0| 0.833(0.044) | 1.0(0.02,0.005) | 0.974(0.067) |0.408(0.149) |0.944(0.3,+0.059-0.062) |1.0(0.0)| 1.0(+0.0-0.0)| 0.0(+0.964-0.964,+0.347-0.348)
 46 : 0.0( 1.671)|0.0 |0.0 |1.0 |1.0| 0.961(0.014) |0.0| 0.833(0.044) | 1.0(0.02,0.005) | 0.974(0.067) |0.715(0.574) |1.0(0.3,+0.0-0.1) |0.961(0.014)| 1.0(+0.0-0.0)| 0.705(+2.76-2.76,+0.651-0.659)

binIndex
[1, 2, 3, 4, 5, 6, 7, 8, 9, 10, 11, 12, 13, 14, 15, 16, 17, 18, 19, 20, 21, 22, 23, 24, 25, 26, 27, 28, 29, 30, 31, 32, 33, 34, 35, 36, 37, 38, 39, 40, 41, 42, 43, 44, 45, 46]
------------------------------------------------------
nMCGJ
[46365.159965053266, 3183.8873575879734, 179.4688575252369, 43207.20478019552, 9135.549883767175, 567.5664666774361, 4677.679476261515, 187.0870393454371, 867.5919793535602, 40.39126758732342, 7509.8936198520405, 2630.8304033628215, 226.3868269021446, 6574.38073189833, 6270.2770091715065, 545.5211132211327, 1446.6452201394695, 179.94619063841373, 222.04586304365066, 40.23123925834773, 373.28771538221844, 479.41048447360106, 55.729587964483194, 308.9081600590394, 1037.386853104258, 148.61675046734018, 148.90905070908482, 35.12449318269071, 24.978293814580585, 10.097816896830855, 43.95481411332442, 6.8208129388018826, 97.95898837760527, 15.85687589064364, 0.0, 0.0, 0.0, 0.0, 7.4213346459773115, 0.0, 4.511651056089573, 7.731904581263431, 0.0, 0.0, 0.0, 0.0]
------------------------------------------------------
nMCerr
[0.06751705468665606, 0.0823196884747949, 0.2201422871081347, 0.06743861019873539, 0.07287198431357783, 0.1406644244606229, 0.08034413506750304, 0.24492092029868276, 0.1300176955878955, 0.5179183741828844, 0.07050339724710647, 0.08446274837090377, 0.20073111044181635, 0.07076151771895317, 0.07537125738510995, 0.1402859930169339, 0.10402734244093345, 0.23962514778133476, 0.22643019770197667, 0.5179304731531512, 0.11897401363071312, 0.13568764304349956, 0.375550932549226, 0.12564553716293558, 0.10705353204543597, 0.24522075502303792, 0.2744826196643409, 0.5184233385988233, 0.601737218629641, 1.780394370256887, 0.385607273250268, 1.0293567223119668, 0.2659924719198272, 0.7296626002828779, 1.6713350459533973, 1.6713350459533973, 1.6713350459533973, 1.6713350459533973, 1.0293567223119668, 1.6713350459533973, 0.7296327924337376, 1.0293567223119668, 1.6713350459533973, 1.6713350459533973, 1.6713350459533973, 1.6713350459533973]
------------------------------------------------------
nMCEBt
[37231.3004522323, 2594.7773960387285, 149.06377954569672, 35840.13086778905, 7598.073845283731, 509.79289384670216, 4359.233745149385, 151.09584333942624, 826.0944659461055, 40.39126758732342, 5899.684094940603, 1993.1851431273255, 141.714709438636, 5364.701180118392, 5100.386298592567, 431.6938997947452, 1273.97900937971, 163.33176586947917, 211.66043263202897, 40.23123925834773, 308.63444332100073, 354.68629664389, 29.133348361419607, 238.14696123059974, 821.0057054636635, 108.09348206952009, 121.36029884292685, 35.12449318269071, 24.978293814580585, 10.097816896830855, 24.812941853997682, 6.8208129388018826, 67.05522333878325, 15.85687589064364, 0.0, 0.0, 0.0, 0.0, 7.4213346459773115, 0.0, 4.511651056089573, 7.731904581263431, 0.0, 0.0, 0.0, 0.0]
------------------------------------------------------
nMCECt
[9133.81577993934, 589.1103774869777, 30.40507055208067, 7366.9564991264615, 1537.4825746478161, 57.77365824651838, 318.44683037613817, 35.99119600601084, 41.49750226626543, 0.0, 1610.2061974095748, 637.6439530026213, 84.67213974588714, 1209.6771749928937, 1169.8897598641217, 113.82721342638749, 172.6661661950024, 16.61441734147505, 10.385428554756789, 0.0, 64.65323492392011, 124.72418782971106, 26.59623774619871, 70.76130281287287, 216.38077626761884, 40.52326839782008, 27.548751866157964, 0.0, 0.0, 0.0, 19.141874116191612, 0.0, 30.903768752551766, 0.0, 0.0, 0.0, 0.0, 0.0, 0.0, 0.0, 0.0, 0.0, 0.0, 0.0, 0.0, 0.0]
------------------------------------------------------
Nobs
[70284.0, 3831.0, 243.0, 60537.0, 11132.0, 533.0, 4623.0, 192.0, 678.0, 43.0, 11658.0, 3364.0, 260.0, 9561.0, 7745.0, 526.0, 1336.0, 182.0, 261.0, 28.0, 690.0, 754.0, 93.0, 461.0, 1436.0, 194.0, 157.0, 73.0, 33.0, 15.0, 62.0, 21.0, 112.0, 40.0, 14.0, 11.0, 5.0, 1.0, 7.0, 4.0, 4.0, 7.0, 0.0, 1.0, 0.0, 1.0]
------------------------------------------------------
nEB
[55482.0, 3066.0, 204.0, 49272.0, 9318.0, 471.0, 4182.0, 186.0, 657.0, 43.0, 9142.0, 2642.0, 212.0, 7751.0, 6364.0, 445.0, 1191.0, 166.0, 248.0, 27.0, 542.0, 575.0, 76.0, 358.0, 1161.0, 161.0, 136.0, 67.0, 32.0, 15.0, 43.0, 13.0, 82.0, 31.0, 12.0, 10.0, 5.0, 1.0, 4.0, 3.0, 4.0, 4.0, 0.0, 0.0, 0.0, 1.0]
------------------------------------------------------
pEB
[0.9165495814580001, 0.9165495814580001, 0.9165495814580001, 0.935175461539, 0.935175461539, 0.935175461539, 0.9610830087516667, 0.9610830087516667, 0.9610830087516667, 0.9610830087516667, 0.9165495814580001, 0.9165495814580001, 0.9165495814580001, 0.935175461539, 0.935175461539, 0.935175461539, 0.9610830087516667, 0.9610830087516667, 0.9610830087516667, 0.9610830087516667, 0.9165495814580001, 0.9165495814580001, 0.9165495814580001, 0.935175461539, 0.935175461539, 0.935175461539, 0.9610830087516667, 0.9610830087516667, 0.9610830087516667, 0.9610830087516667, 0.9165495814580001, 0.9165495814580001, 0.935175461539, 0.935175461539, 0.9610830087516667, 0.9610830087516667, 0.9610830087516667, 0.9610830087516667, 0.9165495814580001, 0.9165495814580001, 0.935175461539, 0.935175461539, 0.9610830087516667, 0.9610830087516667, 0.9610830087516667, 0.9610830087516667]
------------------------------------------------------
pEBerr
[0.023228681082514562, 0.023228681082514562, 0.023228681082514562, 0.017476295291264352, 0.017476295291264352, 0.017476295291264352, 0.014360894461406079, 0.014360894461406079, 0.014360894461406079, 0.014360894461406079, 0.023228681082514562, 0.023228681082514562, 0.023228681082514562, 0.017476295291264352, 0.017476295291264352, 0.017476295291264352, 0.014360894461406079, 0.014360894461406079, 0.014360894461406079, 0.014360894461406079, 0.023228681082514562, 0.023228681082514562, 0.023228681082514562, 0.017476295291264352, 0.017476295291264352, 0.017476295291264352, 0.014360894461406079, 0.014360894461406079, 0.014360894461406079, 0.014360894461406079, 0.023228681082514562, 0.023228681082514562, 0.017476295291264352, 0.017476295291264352, 0.014360894461406079, 0.014360894461406079, 0.014360894461406079, 0.014360894461406079, 0.023228681082514562, 0.023228681082514562, 0.017476295291264352, 0.017476295291264352, 0.014360894461406079, 0.014360894461406079, 0.014360894461406079, 0.014360894461406079]
------------------------------------------------------
nEC
[14802.0, 765.0, 39.0, 11265.0, 1814.0, 62.0, 441.0, 6.0, 21.0, 0.0, 2516.0, 722.0, 48.0, 1810.0, 1381.0, 81.0, 145.0, 16.0, 13.0, 1.0, 148.0, 179.0, 17.0, 103.0, 275.0, 33.0, 21.0, 6.0, 1.0, 0.0, 19.0, 8.0, 30.0, 9.0, 2.0, 1.0, 0.0, 0.0, 3.0, 1.0, 0.0, 3.0, 0.0, 1.0, 0.0, 0.0]
------------------------------------------------------
pEC
[0.859453235025, 0.859453235025, 0.859453235025, 0.8668725049456666, 0.8668725049456666, 0.8668725049456666, 0.8334821231056667, 0.8334821231056667, 0.8334821231056667, 0.8334821231056667, 0.859453235025, 0.859453235025, 0.859453235025, 0.8668725049456666, 0.8668725049456666, 0.8668725049456666, 0.8334821231056667, 0.8334821231056667, 0.8334821231056667, 0.8334821231056667, 0.859453235025, 0.859453235025, 0.859453235025, 0.8668725049456666, 0.8668725049456666, 0.8668725049456666, 0.8334821231056667, 0.8334821231056667, 0.8334821231056667, 0.8334821231056667, 0.859453235025, 0.859453235025, 0.8668725049456666, 0.8668725049456666, 0.8334821231056667, 0.8334821231056667, 0.8334821231056667, 0.8334821231056667, 0.859453235025, 0.859453235025, 0.8668725049456666, 0.8668725049456666, 0.8334821231056667, 0.8334821231056667, 0.8334821231056667, 0.8334821231056667]
------------------------------------------------------
pECerr
[0.04385673313674076, 0.04385673313674076, 0.04385673313674076, 0.0333067137596469, 0.0333067137596469, 0.0333067137596469, 0.04424723332787216, 0.04424723332787216, 0.04424723332787216, 0.04424723332787216, 0.04385673313674076, 0.04385673313674076, 0.04385673313674076, 0.0333067137596469, 0.0333067137596469, 0.0333067137596469, 0.04424723332787216, 0.04424723332787216, 0.04424723332787216, 0.04424723332787216, 0.04385673313674076, 0.04385673313674076, 0.04385673313674076, 0.0333067137596469, 0.0333067137596469, 0.0333067137596469, 0.04424723332787216, 0.04424723332787216, 0.04424723332787216, 0.04424723332787216, 0.04385673313674076, 0.04385673313674076, 0.0333067137596469, 0.0333067137596469, 0.04424723332787216, 0.04424723332787216, 0.04424723332787216, 0.04424723332787216, 0.04385673313674076, 0.04385673313674076, 0.0333067137596469, 0.0333067137596469, 0.04424723332787216, 0.04424723332787216, 0.04424723332787216, 0.04424723332787216]
------------------------------------------------------
trigW
[1.0, 1.0, 1.0, 1.0, 1.0, 1.0, 1.0, 1.0, 1.0, 1.0, 1.0, 1.0, 1.0, 1.0, 1.0, 1.0, 1.0, 1.0, 1.0, 1.0, 1.0, 1.0, 1.0, 1.0, 1.0, 1.0, 1.0, 1.0, 1.0, 1.0, 1.0, 1.0, 1.0, 1.0, 1.0, 1.0, 1.0, 1.0, 1.0, 1.0, 1.0, 1.0, 1.0, 1.0, 1.0, 1.0]
------------------------------------------------------
trigWsysErr
[0.02, 0.02, 0.02, 0.02, 0.02, 0.02, 0.02, 0.02, 0.02, 0.02, 0.02, 0.02, 0.02, 0.02, 0.02, 0.02, 0.02, 0.02, 0.02, 0.02, 0.02, 0.02, 0.02, 0.02, 0.02, 0.02, 0.02, 0.02, 0.02, 0.02, 0.02, 0.02, 0.02, 0.02, 0.02, 0.02, 0.02, 0.02, 0.02, 0.02, 0.02, 0.02, 0.02, 0.02, 0.02, 0.02]
------------------------------------------------------
trigWerr
[0.00573272014683285, 0.005681852341425216, 0.005499214814814815, 0.0056184665285693046, 0.0055106774775422205, 0.0052933791369606, 0.005195845710577547, 0.0048969437499999996, 0.004895655044247787, 0.00475132, 0.005757020751415336, 0.005751465992865636, 0.005611620307692308, 0.0056335004832130525, 0.005582230879276953, 0.005468918403041825, 0.005257079131736527, 0.005160986813186813, 0.0049834252873563216, 0.004917747142857143, 0.005750847652173913, 0.005857596976127322, 0.00560314064516129, 0.005792482429501084, 0.0056437218105849585, 0.005543993608247423, 0.0053746267515923565, 0.005134330410958904, 0.004892530909090908, 0.00475132, 0.005750847652173913, 0.005857596976127322, 0.00560314064516129, 0.005792482429501084, 0.0056437218105849585, 0.005543993608247423, 0.0053746267515923565, 0.005134330410958904, 0.005750847652173913, 0.005857596976127322, 0.00560314064516129, 0.005792482429501084, 0.0056437218105849585, 0.005543993608247423, 0.0053746267515923565, 0.005134330410958904]
------------------------------------------------------
SF
[0.9735319735212031, 0.9735319735212031, 0.9735319735212031, 0.9735319735212031, 0.9735319735212031, 0.9735319735212031, 0.9735319735212031, 0.9735319735212031, 0.9735319735212031, 0.9735319735212031, 0.9735319735212031, 0.9735319735212031, 0.9735319735212031, 0.9735319735212031, 0.9735319735212031, 0.9735319735212031, 0.9735319735212031, 0.9735319735212031, 0.9735319735212031, 0.9735319735212031, 0.9735319735212031, 0.9735319735212031, 0.9735319735212031, 0.9735319735212031, 0.9735319735212031, 0.9735319735212031, 0.9735319735212031, 0.9735319735212031, 0.9735319735212031, 0.9735319735212031, 0.9735319735212031, 0.9735319735212031, 0.9735319735212031, 0.9735319735212031, 0.9735319735212031, 0.9735319735212031, 0.9735319735212031, 0.9735319735212031, 0.9735319735212031, 0.9735319735212031, 0.9735319735212031, 0.9735319735212031, 0.9735319735212031, 0.9735319735212031, 0.9735319735212031, 0.9735319735212031]
------------------------------------------------------
SFerr
[0.06678948893384838, 0.06678948893384838, 0.06678948893384838, 0.06678948893384838, 0.06678948893384838, 0.06678948893384838, 0.06678948893384838, 0.06678948893384838, 0.06678948893384838, 0.06678948893384838, 0.06678948893384838, 0.06678948893384838, 0.06678948893384838, 0.06678948893384838, 0.06678948893384838, 0.06678948893384838, 0.06678948893384838, 0.06678948893384838, 0.06678948893384838, 0.06678948893384838, 0.06678948893384838, 0.06678948893384838, 0.06678948893384838, 0.06678948893384838, 0.06678948893384838, 0.06678948893384838, 0.06678948893384838, 0.06678948893384838, 0.06678948893384838, 0.06678948893384838, 0.06678948893384838, 0.06678948893384838, 0.06678948893384838, 0.06678948893384838, 0.06678948893384838, 0.06678948893384838, 0.06678948893384838, 0.06678948893384838, 0.06678948893384838, 0.06678948893384838, 0.06678948893384838, 0.06678948893384838, 0.06678948893384838, 0.06678948893384838, 0.06678948893384838, 0.06678948893384838]
------------------------------------------------------
ZgR
[0.5341496467590332, 0.4816526770591736, 0.6683908700942993, 0.5471168160438538, 0.5339581370353699, 0.4717005491256714, 0.5116945505142212, 0.4988870620727539, 0.5550951361656189, 0.5215354561805725, 0.5490660667419434, 0.4429487884044647, 0.4674447178840637, 0.5362414717674255, 0.47199705243110657, 0.45600390434265137, 0.4351314902305603, 0.4795793890953064, 0.6526963114738464, 0.4276486933231354, 0.6166596412658691, 0.47421303391456604, 0.594225287437439, 0.5441567301750183, 0.43617263436317444, 0.5221893191337585, 0.4081885516643524, 0.7145141959190369, 0.6254969835281372, 0.45214131474494934, 0.6166596412658691, 0.47421303391456604, 0.594225287437439, 0.5441567301750183, 0.43617263436317444, 0.5221893191337585, 0.4081885516643524, 0.7145141959190369, 0.6166596412658691, 0.47421303391456604, 0.594225287437439, 0.5441567301750183, 0.43617263436317444, 0.5221893191337585, 0.4081885516643524, 0.7145141959190369]
------------------------------------------------------
REr1
[0.009885439548715963, 0.04703354055949855, 0.20508255973042108, 0.009263019767136811, 0.028473060313533194, 0.12117645201851537, 0.04360254806575617, 0.23039207169260795, 0.10891356564957144, 0.5022215779595827, 0.022524622468236853, 0.05057585589282238, 0.18534254511252274, 0.023175556174885276, 0.03414595107218578, 0.12079412898918672, 0.07792473082776964, 0.22511229896377713, 0.21123682699363724, 0.5027120992443741, 0.09823923620729573, 0.1156172913285908, 0.3614393378381429, 0.1058935928510111, 0.08187717629151808, 0.23081303344155749, 0.2600535802761529, 0.5020874530028131, 0.5841901342020446, 1.734957843143861, 0.12774885510367068, 0.0922667339358014, 0.3946958339539219, 0.13210987277187125, 0.06839010751221768, 0.2952755541246852, 0.1485637302860256, 0.573541715165129, 0.12774885510367068, 0.0922667339358014, 0.3946958339539219, 0.13210987277187125, 0.06839010751221768, 0.2952755541246852, 0.1485637302860256, 0.573541715165129]
------------------------------------------------------
f
[0.969561102094, 0.972201300901, 0.979002999266, 0.977371445798, 0.969368966776, 0.977050684655, 0.985371170965, 0.983720139393, 0.989700527968, 0.993331095034, 0.923474821581, 0.910028033497, 0.949496213334, 0.950678637842, 0.926404043207, 0.930549619008, 0.965811135048, 0.950260265654, 0.969320781943, 0.945845043577, 0.906708212785, 0.873309701051, 0.888082236054, 0.968841593295, 0.898803185834, 0.896048935586, 0.940381620014, 0.878284247433, 0.948213159485, 0.898611359896, 0.968657714135, 0.769284613967, 0.942919654062, 0.864812031411, 0.755377065076, 0.812907100159, 0.944344899217, 1.0, 0.968657714135, 0.769284613967, 0.942919654062, 0.864812031411, 0.755377065076, 0.812907100159, 0.944344899217, 1.0]
------------------------------------------------------
fsysErr
[0.3, 0.3, 0.3, 0.3, 0.3, 0.3, 0.3, 0.3, 0.3, 0.3, 0.3, 0.3, 0.3, 0.3, 0.3, 0.3, 0.3, 0.3, 0.3, 0.3, 0.3, 0.3, 0.3, 0.3, 0.3, 0.3, 0.3, 0.3, 0.3, 0.3, 0.3, 0.3, 0.3, 0.3, 0.3, 0.3, 0.3, 0.3, 0.3, 0.3, 0.3, 0.3, 0.3, 0.3, 0.3, 0.3]
------------------------------------------------------
ferrUp
[0.0023691263062318086, 0.004220481946174466, 0.005127283134089912, 0.0017842625924334823, 0.0024617259597618482, 0.0033434890656706346, 0.002099300713186255, 0.004611591587378943, 0.001634621242308065, 0.005098552640926487, 0.00862787247241818, 0.009929297944533911, 0.008211447751026866, 0.006588984178816753, 0.005354209211770116, 0.008027701813615786, 0.00475109694478926, 0.008844725941387804, 0.00540697944285713, 0.022316813387817477, 0.04247413563158266, 0.030204851312603878, 0.03714630517628561, 0.01812198546429872, 0.01529599657987765, 0.015018405350483693, 0.020896991677812077, 0.03144359227074344, 0.01837728806976725, 0.11282813085707499, 0.032037436475187094, 0.15363689540275924, 0.0308152512565927, 0.042808818404846606, 0.2264749341572714, 0.07944848385869394, 0.05893514205408025, 0.0, 0.032037436475187094, 0.15363689540275924, 0.0308152512565927, 0.042808818404846606, 0.2264749341572714, 0.07944848385869394, 0.05893514205408025, 0.0]
------------------------------------------------------
ferrDn
[0.0023691263062318086, 0.004220481946174466, 0.005127283134089912, 0.0017842625924334823, 0.0024617259597618482, 0.0033434890656706346, 0.002099300713186255, 0.004611591587378943, 0.001634621242308065, 0.005098552640926487, 0.00862787247241818, 0.009929297944533911, 0.008211447751026866, 0.006588984178816753, 0.005354209211770116, 0.008027701813615786, 0.00475109694478926, 0.008844725941387804, 0.00540697944285713, 0.022316813387817477, 0.04247413563158266, 0.030204851312603878, 0.03714630517628561, 0.01812198546429872, 0.01529599657987765, 0.015018405350483693, 0.020896991677812077, 0.03144359227074344, 0.01837728806976725, 0.12223990716154862, 0.032037436475187094, 0.15363689540275924, 0.0308152512565927, 0.042808818404846606, 0.2264749341572714, 0.07944848385869394, 0.06222429432310338, 0.1, 0.032037436475187094, 0.15363689540275924, 0.0308152512565927, 0.042808818404846606, 0.2264749341572714, 0.07944848385869394, 0.06222429432310338, 0.1]
------------------------------------------------------
purity
[0.9045249368745777, 0.9051481966965162, 0.9073859703020865, 0.9224653370527536, 0.924045245651441, 0.9272302770947474, 0.9489108282260588, 0.9570954810752292, 0.9571307689307729, 0.9610830087516667, 0.9042271927442046, 0.9042952526456857, 0.9060087175011385, 0.9222449781759695, 0.9229964579166122, 0.9246573256377453, 0.9472341102346982, 0.9498653484750953, 0.9547274090834751, 0.9565258342643096, 0.9043028288897624, 0.902994878524967, 0.9061126149057313, 0.9199147141873442, 0.9220951599629785, 0.9235569173762164, 0.9440153743658961, 0.9505952647259681, 0.9572163152472425, 0.9610830087516667, 0.8990523140027259, 0.8947985923406667, 0.9168800267372144, 0.9198072963055, 0.9428543108022381, 0.949482928238394, 0.9610830087516667, 0.9610830087516667, 0.8920797187010001, 0.9022754948497501, 0.935175461539, 0.9059027658561428, 1.0, 0.8334821231056667, 1.0, 0.9610830087516667]
------------------------------------------------------
pErr
[0.027356530582285862, 0.02713988142194807, 0.026364469435082374, 0.020244561610912922, 0.019896312598685847, 0.019197864553421626, 0.016865032695607317, 0.015174218786892043, 0.015166991505906119, 0.014360894461406079, 0.027460133793031992, 0.027436445617329303, 0.026841248680182863, 0.020293228705338985, 0.020127357054641446, 0.019761715607732173, 0.017215020982047604, 0.016666343653967245, 0.015660442864375568, 0.015290961536214374, 0.02743380893425676, 0.027889657088469643, 0.02680523079083191, 0.020809303302707843, 0.020326329909609316, 0.020003824413404966, 0.01789036515952036, 0.016514676492801944, 0.015149473036450768, 0.014360894461406079, 0.029271748197216875, 0.030776576418760068, 0.021485316406306097, 0.02083315577454985, 0.01813510718742444, 0.016745898726688694, 0.014360894461406079, 0.014360894461406079, 0.03174594330468679, 0.028140940744742524, 0.017476295291264352, 0.02396845586423825, 0.0, 0.04424723332787216, 0.0, 0.014360894461406079]
------------------------------------------------------
DR
[1.0, 1.0, 1.0, 1.0, 1.0, 1.0, 1.0, 1.0, 1.0, 1.0, 1.0, 1.0, 1.0, 1.0, 1.0, 1.0, 1.0, 1.0, 1.0, 1.0, 1.0, 1.0, 1.0, 1.0, 1.0, 1.0, 1.0, 1.0, 1.0, 1.0, 1.0, 1.0, 1.0, 1.0, 1.0, 1.0, 1.0, 1.0, 1.0, 1.0, 1.0, 1.0, 1.0, 1.0, 1.0, 1.0]
------------------------------------------------------
DRup
[0.0, 0.0, 0.0, 0.0, 0.0, 0.0, 0.0, 0.0, 0.0, 0.0, 0.0, 0.0, 0.0, 0.0, 0.0, 0.0, 0.0, 0.0, 0.0, 0.0, 0.0, 0.0, 0.0, 0.0, 0.0, 0.0, 0.0, 0.0, 0.0, 0.0, 0.0, 0.0, 0.0, 0.0, 0.0, 0.0, 0.0, 0.0, 0.0, 0.0, 0.0, 0.0, 0.0, 0.0, 0.0, 0.0]
------------------------------------------------------
DRlow
[0.0, 0.0, 0.0, 0.0, 0.0, 0.0, 0.0, 0.0, 0.0, 0.0, 0.0, 0.0, 0.0, 0.0, 0.0, 0.0, 0.0, 0.0, 0.0, 0.0, 0.0, 0.0, 0.0, 0.0, 0.0, 0.0, 0.0, 0.0, 0.0, 0.0, 0.0, 0.0, 0.0, 0.0, 0.0, 0.0, 0.0, 0.0, 0.0, 0.0, 0.0, 0.0, 0.0, 0.0, 0.0, 0.0]
------------------------------------------------------
Yield
[33819.324136347364, 1667.906876841475, 148.20492824364084, 30673.295716164863, 5469.058090280461, 233.96347813744703, 2272.0072880886855, 92.63606073765638, 366.2030659430346, 21.991608983525666, 5490.362987556165, 1259.5757987382958, 107.39374780340539, 4617.357820148972, 3210.7830770281134, 211.99442308388095, 546.2938226023803, 80.92566805455581, 161.93784702739094, 11.127860117141184, 358.3652052315348, 289.6330945915242, 45.67927666869795, 229.65454856076784, 533.2157637509906, 86.11422326282528, 58.43774545525698, 44.73158039991337, 19.244428151345364, 6.016557008630711, 34.20127530960974, 7.041333273292591, 59.10253827379706, 17.784937771264755, 4.467294832889952, 4.5540576855296635, 1.9027079947892265, 0.7053774009351421, 3.831486976494252, 1.3524134061739126, 2.1529239648339735, 3.065315166447612, 0.0, 0.363425143938202, 0.0, 0.7053774009351421]
------------------------------------------------------
YstatUp
[0.007839047767896918, 0.03710942940590676, 0.1051817739993998, 0.008021396901764807, 0.019291858263562386, 0.09867690865694663, 0.029926244963077015, 0.1495789690344466, 0.07110380975519613, 0.3076968853916957, 0.019665770531707222, 0.04604724865156826, 0.15014389409441767, 0.021176692371699786, 0.027409413692383377, 0.10818534539130183, 0.06690782918041159, 0.16670529743588028, 0.09976354952200206, 0.47551843449022446, 0.07329911132459442, 0.09480636345863055, 0.2111165382704349, 0.0934922068303932, 0.07106802390165164, 0.1617431795752709, 0.2144155971201057, 0.19100607823223875, 0.2985052401329177, 0.701013708436588, 0.23022556330814375, 0.650810793509421, 0.1790617721904223, 0.3556130137579332, 0.8375666990292229, 0.728279046814414, 1.466783179619053, 2.7595294296176083, 0.6905285930230174, 1.478837750993731, 1.210238637100579, 0.8631253777831749, 1.030124895937512, 5.356012728713934, 0.9640338622344938, 2.7595294296176083]
------------------------------------------------------
YstatLow
[0.007839047767896918, 0.03710942940590676, 0.1051817739993998, 0.008021396901764807, 0.019291858263562386, 0.09867690865694663, 0.029926244963077015, 0.1495789690344466, 0.07110380975519613, 0.3076968853916957, 0.019665770531707222, 0.04604724865156826, 0.15014389409441767, 0.021176692371699786, 0.027409413692383377, 0.10818534539130183, 0.06690782918041159, 0.16670529743588028, 0.09976354952200206, 0.47551843449022446, 0.07329911132459442, 0.09480636345863055, 0.2111165382704349, 0.0934922068303932, 0.07106802390165164, 0.1617431795752709, 0.2144155971201057, 0.19100607823223875, 0.2985052401329177, 0.701013708436588, 0.23022556330814375, 0.650810793509421, 0.1790617721904223, 0.3556130137579332, 0.8375666990292229, 0.728279046814414, 1.466783179619053, 2.7595294296176083, 0.6905285930230174, 1.478837750993731, 1.210238637100579, 0.8631253777831749, 1.030124895937512, 5.356012728713934, 0.9640338622344938, 2.7595294296176083]
------------------------------------------------------
YsysUp
[0.3094275591351751, 0.3128252848589637, 0.3710408438192976, 0.3088547108288952, 0.31000619656976186, 0.3315905986922301, 0.31157318760417696, 0.3849894106098353, 0.3270774796142444, 0.5893574083446853, 0.31020934361918406, 0.313533382430304, 0.3605995918580457, 0.3096528837384696, 0.31063116580045014, 0.3315673926956167, 0.3182446641457064, 0.3819934750090084, 0.3738731768064981, 0.59020024437489, 0.3272636883029454, 0.33159112072531216, 0.4771048043564525, 0.3269086648480716, 0.31975566707152847, 0.38573557470643055, 0.4040721921710681, 0.5901190063692376, 0.6608555945437893, 1.7657572173893608, 0.3362988412699109, 0.3577146778518006, 0.502083888298362, 0.33854692803404157, 0.3888311614926103, 0.43436357037903456, 0.34733339986233513, 0.6511862494748357, 0.3365232240325589, 0.35749756032811864, 0.5019283145677582, 0.3387543194975908, 0.38840802004463426, 0.4362901601061261, 0.3470363891153162, 0.6511862494748357]
------------------------------------------------------
YsysLow
[0.3094275591351751, 0.3128252848589637, 0.3710408438192976, 0.3088547108288952, 0.31000619656976186, 0.3315905986922301, 0.31157318760417696, 0.3849894106098353, 0.3270774796142444, 0.5893574083446853, 0.31020934361918406, 0.313533382430304, 0.3605995918580457, 0.3096528837384696, 0.31063116580045014, 0.3315673926956167, 0.3182446641457064, 0.3819934750090084, 0.3738731768064981, 0.59020024437489, 0.3272636883029454, 0.33159112072531216, 0.4771048043564525, 0.3269086648480716, 0.31975566707152847, 0.38573557470643055, 0.4040721921710681, 0.5901190063692376, 0.6608555945437893, 1.766383581941584, 0.3362988412699109, 0.3577146778518006, 0.502083888298362, 0.33854692803404157, 0.3888311614926103, 0.43436357037903456, 0.34790660024639136, 0.6588198019983181, 0.3365232240325589, 0.35749756032811864, 0.5019283145677582, 0.3387543194975908, 0.38840802004463426, 0.4362901601061261, 0.3476100792630598, 0.6588198019983181]
------------------------------------------------------